0	0
1	0
2	0
3	0
4	0
5	0
6	0
7	0
8	0
9	0
10	0
11	0
12	0
13	0
14	0
15	0
16	0
17	0
18	0
19	0
20	0
21	0
22	0
23	0
24	0
25	0
26	0
27	0
28	0
29	0
30	0
31	0
32	0
33	0
34	0
35	0
36	0
37	0
38	0
39	0
40	0
41	0
42	0
43	0
44	0
45	0
46	0
47	0
48	0
49	0
50	0
51	0
52	0
53	0
54	0
55	0
56	0
57	0
58	0
59	0
60	0
61	0
62	0
63	0
64	0
65	0
66	0
67	0
68	0
69	0
70	0
71	0
72	0
73	0
74	0
75	0
76	0
77	0
78	0
79	0
80	0
81	0
82	0
83	0
84	0
85	0
86	0
87	0
88	0
89	0
90	0
91	0
92	0
93	0
94	0
95	0
96	0
97	0
98	0
99	0
100	0
101	0
102	0
103	0
104	0
105	0
106	0
107	0
108	0
109	0
110	0
111	0
112	0
113	0
114	0
115	0
116	0
117	1
118	0
119	1
120	0
121	0
122	0
123	2
124	0
125	1
126	2
127	2
128	1
129	3
130	1
131	3
132	1
133	2
134	2
135	3
136	1
137	1
138	1
139	2
140	3
141	0
142	4
143	3
144	1
145	2
146	2
147	1
148	1
149	0
150	1
151	0
152	2
153	2
154	0
155	3
156	2
157	0
158	2
159	1
160	2
161	1
162	0
163	3
164	2
165	2
166	1
167	0
168	1
169	3
170	0
171	2
172	0
173	3
174	3
175	1
176	2
177	0
178	0
179	1
180	2
181	1
182	1
183	2
184	1
185	0
186	1
187	2
188	2
189	3
190	0
191	2
192	2
193	1
194	1
195	0
196	0
197	1
198	0
199	0
200	0
201	1
202	2
203	0
204	0
205	0
206	5
207	0
208	2
209	2
210	2
211	0
212	1
213	0
214	0
215	1
216	0
217	1
218	0
219	1
220	0
221	0
222	1
223	0
224	0
225	0
226	0
227	1
228	1
229	0
230	0
231	0
232	0
233	1
234	0
235	0
236	1
237	0
238	0
239	1
240	0
241	1
242	0
243	2
244	0
245	0
246	1
247	2
248	1
249	0
250	0
251	0
252	1
253	2
254	1
255	0
256	0
257	1
258	1
259	0
260	0
261	0
262	1
263	0
264	0
265	0
266	1
267	0
268	0
269	0
270	1
271	3
272	1
273	0
274	0
275	0
276	0
277	0
278	1
279	1
280	0
281	0
282	2
283	0
284	1
285	0
286	3
287	1
288	0
289	0
290	1
291	0
292	0
293	2
294	0
295	0
296	1
297	1
298	0
299	4
300	0
301	1
302	1
303	0
304	0
305	1
306	0
307	1
308	1
309	0
310	0
311	0
312	2
313	0
314	0
315	0
316	1
317	0
318	1
319	0
320	1
321	1
322	1
323	0
324	1
325	1
326	0
327	0
328	1
329	1
330	0
331	0
332	0
333	0
334	0
335	1
336	0
337	0
338	0
339	0
340	0
341	2
342	0
343	0
344	0
345	2
346	0
347	0
348	1
349	0
350	0
351	0
352	0
353	1
354	0
355	0
356	1
357	1
358	0
359	1
360	2
361	3
362	1
363	1
364	0
365	0
366	0
367	1
368	1
369	1
370	0
371	0
372	1
373	0
374	0
375	1
376	0
377	1
378	0
379	0
380	0
381	0
382	1
383	2
384	0
385	1
386	1
387	1
388	1
389	0
390	0
391	0
392	1
393	0
394	1
395	1
396	0
397	1
398	0
399	0
400	0
401	1
402	1
403	0
404	0
405	0
406	1
407	0
408	1
409	0
410	0
411	0
412	1
413	0
414	0
415	0
416	1
417	0
418	0
419	0
420	0
421	2
422	0
423	2
424	1
425	0
426	0
427	0
428	1
429	0
430	2
431	1
432	0
433	0
434	1
435	0
436	0
437	0
438	0
439	1
440	1
441	0
442	0
443	1
444	1
445	0
446	0
447	0
448	0
449	0
450	1
451	0
452	0
453	0
454	0
455	1
456	0
457	0
458	1
459	1
460	0
461	1
462	0
463	0
464	0
465	0
466	1
467	1
468	0
469	0
470	0
471	1
472	0
473	1
474	0
475	1
476	0
477	1
478	1
479	0
480	0
481	1
482	1
483	0
484	0
485	0
486	1
487	2
488	0
489	0
490	0
491	0
492	0
493	1
494	0
495	0
496	0
497	1
498	0
499	1
500	0
501	1
502	1
503	0
504	0
505	1
506	1
507	0
508	0
509	0
510	1
511	1
512	1
513	0
514	1
515	0
516	0
517	0
518	0
519	0
520	0
521	0
522	1
523	1
524	0
525	1
526	0
527	0
528	0
529	0
530	0
531	2
532	0
533	2
534	0
535	0
536	1
537	0
538	1
539	0
540	1
541	1
542	0
543	0
544	0
545	0
546	0
547	0
548	1
549	0
550	1
551	0
552	0
553	1
554	1
555	0
556	0
557	0
558	0
559	0
560	0
561	2
562	1
563	2
564	0
565	0
566	0
567	0
568	0
569	2
570	0
571	1
572	0
573	0
574	1
575	2
576	2
577	1
578	1
579	0
580	1
581	0
582	1
583	1
584	1
585	1
586	0
587	1
588	0
589	2
590	0
591	1
592	0
593	0
594	0
595	0
596	0
597	0
598	0
599	1
600	1
601	0
602	0
603	1
604	0
605	0
606	0
607	0
608	1
609	0
610	0
611	0
612	1
613	1
614	1
615	0
616	0
617	1
618	1
619	0
620	1
621	0
622	2
623	1
624	0
625	0
626	3
627	0
628	2
629	0
630	1
631	0
632	1
633	0
634	1
635	0
636	2
637	0
638	0
639	1
640	0
641	0
642	0
643	1
644	0
645	0
646	0
647	2
648	0
649	0
650	1
651	0
652	0
653	1
654	0
655	2
656	1
657	0
658	0
659	1
660	0
661	1
662	1
663	0
664	1
665	1
666	0
667	0
668	1
669	2
670	1
671	0
672	1
673	1
674	1
675	2
676	3
677	1
678	2
679	0
680	0
681	1
682	1
683	2
684	0
685	1
686	0
687	0
688	0
689	0
690	0
691	1
692	1
693	0
694	0
695	0
696	1
697	0
698	0
699	0
700	1
701	0
702	0
703	1
704	0
705	0
706	0
707	1
708	2
709	0
710	0
711	0
712	0
713	2
714	1
715	0
716	1
717	0
718	2
719	1
720	0
721	0
722	2
723	2
724	0
725	1
726	0
727	1
728	3
729	2
730	0
731	0
732	0
733	0
734	1
735	2
736	1
737	0
738	1
739	0
740	0
741	2
742	0
743	0
744	0
745	0
746	0
747	1
748	2
749	2
750	1
751	1
752	1
753	1
754	1
755	0
756	0
757	1
758	0
759	3
760	0
761	0
762	1
763	1
764	0
765	1
766	3
767	0
768	0
769	0
770	0
771	0
772	1
773	0
774	0
775	3
776	1
777	0
778	1
779	1
780	2
781	3
782	0
783	1
784	0
785	3
786	0
787	2
788	1
789	1
790	0
791	0
792	0
793	0
794	0
795	3
796	1
797	1
798	0
799	1
800	0
801	2
802	1
803	1
804	0
805	0
806	1
807	0
808	0
809	0
810	2
811	0
812	1
813	2
814	0
815	0
816	3
817	1
818	0
819	0
820	0
821	0
822	3
823	1
824	0
825	1
826	1
827	0
828	4
829	1
830	0
831	1
832	1
833	1
834	0
835	4
836	2
837	3
838	1
839	1
840	1
841	1
842	0
843	1
844	1
845	1
846	1
847	0
848	2
849	1
850	1
851	0
852	1
853	1
854	1
855	2
856	0
857	1
858	2
859	2
860	1
861	1
862	0
863	2
864	0
865	0
866	3
867	2
868	1
869	2
870	2
871	3
872	1
873	0
874	1
875	1
876	2
877	1
878	0
879	1
880	0
881	0
882	0
883	2
884	0
885	2
886	2
887	0
888	1
889	1
890	1
891	1
892	0
893	2
894	0
895	1
896	3
897	0
898	2
899	1
900	3
901	1
902	3
903	2
904	0
905	1
906	3
907	2
908	2
909	6
910	0
911	2
912	1
913	0
914	0
915	1
916	1
917	2
918	1
919	3
920	1
921	0
922	0
923	1
924	3
925	2
926	3
927	1
928	0
929	6
930	2
931	0
932	3
933	1
934	5
935	4
936	4
937	1
938	1
939	1
940	5
941	2
942	2
943	0
944	3
945	2
946	1
947	2
948	1
949	1
950	3
951	2
952	4
953	2
954	1
955	2
956	1
957	4
958	1
959	1
960	2
961	1
962	1
963	3
964	5
965	2
966	1
967	4
968	6
969	2
970	3
971	4
972	2
973	3
974	2
975	2
976	5
977	1
978	3
979	5
980	1
981	1
982	3
983	0
984	1
985	1
986	3
987	2
988	2
989	2
990	2
991	3
992	1
993	1
994	5
995	2
996	1
997	3
998	1
999	2
1000	5
1001	0
1002	1
1003	4
1004	5
1005	3
1006	4
1007	4
1008	1
1009	4
1010	4
1011	3
1012	2
1013	6
1014	3
1015	6
1016	2
1017	4
1018	5
1019	1
1020	4
1021	3
1022	4
1023	4
1024	2
1025	2
1026	4
1027	6
1028	7
1029	7
1030	4
1031	3
1032	2
1033	2
1034	8
1035	3
1036	6
1037	6
1038	6
1039	3
1040	8
1041	2
1042	5
1043	4
1044	4
1045	4
1046	4
1047	3
1048	3
1049	5
1050	8
1051	6
1052	0
1053	9
1054	5
1055	5
1056	5
1057	6
1058	6
1059	5
1060	5
1061	3
1062	4
1063	9
1064	2
1065	7
1066	5
1067	4
1068	4
1069	6
1070	4
1071	6
1072	5
1073	5
1074	11
1075	4
1076	2
1077	6
1078	9
1079	3
1080	5
1081	7
1082	4
1083	10
1084	6
1085	8
1086	9
1087	4
1088	8
1089	9
1090	11
1091	3
1092	9
1093	14
1094	6
1095	3
1096	7
1097	7
1098	8
1099	6
1100	6
1101	3
1102	9
1103	7
1104	6
1105	6
1106	5
1107	7
1108	7
1109	7
1110	5
1111	4
1112	8
1113	9
1114	10
1115	6
1116	9
1117	12
1118	8
1119	5
1120	13
1121	6
1122	14
1123	10
1124	11
1125	9
1126	4
1127	11
1128	15
1129	9
1130	13
1131	4
1132	6
1133	9
1134	9
1135	4
1136	9
1137	8
1138	8
1139	14
1140	10
1141	13
1142	11
1143	16
1144	19
1145	7
1146	14
1147	12
1148	11
1149	10
1150	12
1151	15
1152	18
1153	15
1154	9
1155	14
1156	10
1157	11
1158	16
1159	9
1160	10
1161	8
1162	5
1163	17
1164	13
1165	8
1166	12
1167	11
1168	16
1169	9
1170	8
1171	17
1172	15
1173	15
1174	8
1175	15
1176	14
1177	15
1178	12
1179	10
1180	20
1181	10
1182	16
1183	15
1184	14
1185	15
1186	16
1187	11
1188	16
1189	11
1190	15
1191	17
1192	8
1193	19
1194	13
1195	13
1196	19
1197	17
1198	12
1199	15
1200	28
1201	23
1202	22
1203	20
1204	24
1205	19
1206	16
1207	17
1208	13
1209	13
1210	21
1211	14
1212	21
1213	18
1214	17
1215	23
1216	19
1217	17
1218	24
1219	18
1220	19
1221	27
1222	19
1223	22
1224	26
1225	23
1226	20
1227	16
1228	28
1229	25
1230	35
1231	34
1232	19
1233	27
1234	24
1235	25
1236	22
1237	27
1238	26
1239	27
1240	31
1241	22
1242	25
1243	20
1244	23
1245	28
1246	23
1247	30
1248	19
1249	27
1250	19
1251	29
1252	22
1253	28
1254	22
1255	27
1256	28
1257	25
1258	30
1259	27
1260	20
1261	29
1262	36
1263	26
1264	25
1265	33
1266	28
1267	28
1268	31
1269	35
1270	33
1271	37
1272	27
1273	44
1274	31
1275	50
1276	33
1277	41
1278	47
1279	35
1280	37
1281	29
1282	32
1283	29
1284	40
1285	37
1286	50
1287	28
1288	29
1289	28
1290	40
1291	30
1292	39
1293	49
1294	32
1295	36
1296	44
1297	33
1298	51
1299	45
1300	36
1301	50
1302	42
1303	43
1304	39
1305	42
1306	42
1307	49
1308	49
1309	46
1310	41
1311	66
1312	49
1313	33
1314	59
1315	47
1316	63
1317	60
1318	39
1319	49
1320	53
1321	57
1322	53
1323	59
1324	54
1325	51
1326	65
1327	52
1328	61
1329	61
1330	69
1331	69
1332	54
1333	48
1334	56
1335	75
1336	65
1337	68
1338	56
1339	56
1340	70
1341	55
1342	61
1343	77
1344	74
1345	52
1346	58
1347	68
1348	74
1349	65
1350	64
1351	52
1352	60
1353	58
1354	70
1355	105
1356	80
1357	88
1358	83
1359	73
1360	49
1361	85
1362	75
1363	90
1364	81
1365	75
1366	75
1367	76
1368	81
1369	82
1370	88
1371	95
1372	79
1373	90
1374	89
1375	68
1376	92
1377	99
1378	97
1379	84
1380	111
1381	94
1382	103
1383	86
1384	87
1385	95
1386	93
1387	110
1388	108
1389	114
1390	100
1391	92
1392	103
1393	111
1394	109
1395	118
1396	105
1397	112
1398	127
1399	108
1400	117
1401	135
1402	99
1403	120
1404	116
1405	127
1406	140
1407	131
1408	120
1409	142
1410	143
1411	139
1412	134
1413	145
1414	145
1415	153
1416	147
1417	151
1418	132
1419	169
1420	152
1421	151
1422	169
1423	169
1424	182
1425	200
1426	169
1427	199
1428	198
1429	198
1430	209
1431	206
1432	201
1433	224
1434	238
1435	200
1436	263
1437	241
1438	260
1439	267
1440	266
1441	279
1442	279
1443	307
1444	284
1445	321
1446	327
1447	360
1448	351
1449	377
1450	352
1451	382
1452	418
1453	465
1454	477
1455	467
1456	502
1457	522
1458	548
1459	535
1460	608
1461	630
1462	656
1463	652
1464	636
1465	723
1466	775
1467	808
1468	833
1469	816
1470	934
1471	889
1472	988
1473	1111
1474	1125
1475	1081
1476	1172
1477	1215
1478	1363
1479	1459
1480	1462
1481	1523
1482	1646
1483	1690
1484	1735
1485	1764
1486	1878
1487	2043
1488	2057
1489	2148
1490	2230
1491	2318
1492	2441
1493	2577
1494	2688
1495	2876
1496	2807
1497	2926
1498	3140
1499	3251
1500	3408
1501	3428
1502	3725
1503	3823
1504	3928
1505	4113
1506	4055
1507	4324
1508	4624
1509	4618
1510	4924
1511	4958
1512	4920
1513	5381
1514	5475
1515	5619
1516	5732
1517	5982
1518	6292
1519	6461
1520	6478
1521	6684
1522	6772
1523	6880
1524	7253
1525	7386
1526	7676
1527	7659
1528	7895
1529	8208
1530	8299
1531	8751
1532	8547
1533	8868
1534	9022
1535	9260
1536	9251
1537	9593
1538	9612
1539	9867
1540	9828
1541	10202
1542	10352
1543	10431
1544	10626
1545	10661
1546	10854
1547	10934
1548	11172
1549	11524
1550	11556
1551	11448
1552	11676
1553	11858
1554	11951
1555	12026
1556	12116
1557	12240
1558	12443
1559	12308
1560	12302
1561	12513
1562	12649
1563	12852
1564	12669
1565	12813
1566	12669
1567	13113
1568	13165
1569	12906
1570	13105
1571	13200
1572	12870
1573	13065
1574	12926
1575	12954
1576	12976
1577	12900
1578	13196
1579	12771
1580	12842
1581	12820
1582	12596
1583	12610
1584	12690
1585	12573
1586	12665
1587	12610
1588	12613
1589	12200
1590	12167
1591	12330
1592	11953
1593	12093
1594	11990
1595	11841
1596	11714
1597	11519
1598	11693
1599	11488
1600	11269
1601	11049
1602	11237
1603	10895
1604	11106
1605	10716
1606	10739
1607	10640
1608	10462
1609	10404
1610	10223
1611	10083
1612	9930
1613	9752
1614	9581
1615	9640
1616	9316
1617	9274
1618	9178
1619	9010
1620	8944
1621	8798
1622	8653
1623	8661
1624	8546
1625	8281
1626	8111
1627	8153
1628	8124
1629	7912
1630	7816
1631	7595
1632	7438
1633	7378
1634	7329
1635	7163
1636	7159
1637	7040
1638	6908
1639	6553
1640	6714
1641	6492
1642	6455
1643	6143
1644	6290
1645	6287
1646	6012
1647	5949
1648	5945
1649	5722
1650	5867
1651	5677
1652	5596
1653	5461
1654	5378
1655	5287
1656	5124
1657	5037
1658	5114
1659	5022
1660	4982
1661	4882
1662	4749
1663	4750
1664	4603
1665	4581
1666	4452
1667	4455
1668	4255
1669	4197
1670	4195
1671	4051
1672	4135
1673	4087
1674	4080
1675	3811
1676	3922
1677	3821
1678	3765
1679	3765
1680	3681
1681	3685
1682	3639
1683	3520
1684	3517
1685	3456
1686	3337
1687	3391
1688	3375
1689	3252
1690	3229
1691	3079
1692	2998
1693	3091
1694	2934
1695	2976
1696	2939
1697	2917
1698	2874
1699	2912
1700	2879
1701	2793
1702	2789
1703	2747
1704	2681
1705	2682
1706	2590
1707	2529
1708	2559
1709	2519
1710	2475
1711	2390
1712	2433
1713	2402
1714	2487
1715	2403
1716	2256
1717	2288
1718	2329
1719	2234
1720	2243
1721	2161
1722	2246
1723	2121
1724	2119
1725	2077
1726	2157
1727	2077
1728	2029
1729	1957
1730	1915
1731	2006
1732	1886
1733	1962
1734	1883
1735	1851
1736	1886
1737	1831
1738	1835
1739	1851
1740	1855
1741	1819
1742	1701
1743	1704
1744	1744
1745	1663
1746	1689
1747	1707
1748	1647
1749	1667
1750	1652
1751	1578
1752	1554
1753	1503
1754	1542
1755	1580
1756	1489
1757	1545
1758	1499
1759	1472
1760	1559
1761	1461
1762	1532
1763	1417
1764	1417
1765	1462
1766	1371
1767	1382
1768	1468
1769	1389
1770	1346
1771	1335
1772	1388
1773	1291
1774	1267
1775	1264
1776	1288
1777	1218
1778	1278
1779	1230
1780	1235
1781	1220
1782	1228
1783	1254
1784	1252
1785	1152
1786	1218
1787	1173
1788	1147
1789	1134
1790	1202
1791	1124
1792	1070
1793	1120
1794	1112
1795	1081
1796	1130
1797	1160
1798	1091
1799	1106
1800	1081
1801	1069
1802	1032
1803	1049
1804	1032
1805	1034
1806	1050
1807	1044
1808	1033
1809	1031
1810	1021
1811	1005
1812	996
1813	992
1814	971
1815	968
1816	995
1817	969
1818	939
1819	920
1820	1046
1821	1020
1822	961
1823	946
1824	827
1825	862
1826	923
1827	942
1828	883
1829	858
1830	862
1831	872
1832	875
1833	821
1834	891
1835	843
1836	801
1837	831
1838	833
1839	853
1840	820
1841	780
1842	856
1843	830
1844	795
1845	862
1846	781
1847	776
1848	776
1849	791
1850	809
1851	726
1852	729
1853	787
1854	791
1855	769
1856	754
1857	733
1858	722
1859	768
1860	723
1861	753
1862	731
1863	773
1864	681
1865	738
1866	732
1867	678
1868	725
1869	684
1870	726
1871	692
1872	705
1873	733
1874	646
1875	673
1876	690
1877	664
1878	686
1879	694
1880	683
1881	639
1882	659
1883	666
1884	661
1885	627
1886	636
1887	640
1888	606
1889	650
1890	638
1891	639
1892	652
1893	587
1894	650
1895	598
1896	625
1897	577
1898	644
1899	613
1900	600
1901	597
1902	570
1903	631
1904	601
1905	562
1906	576
1907	580
1908	584
1909	589
1910	576
1911	561
1912	568
1913	562
1914	565
1915	554
1916	554
1917	555
1918	573
1919	535
1920	560
1921	542
1922	518
1923	532
1924	534
1925	546
1926	520
1927	522
1928	531
1929	523
1930	518
1931	480
1932	508
1933	492
1934	537
1935	548
1936	525
1937	492
1938	516
1939	521
1940	529
1941	511
1942	478
1943	525
1944	526
1945	508
1946	522
1947	506
1948	459
1949	452
1950	487
1951	472
1952	507
1953	481
1954	489
1955	486
1956	466
1957	462
1958	491
1959	472
1960	489
1961	482
1962	451
1963	468
1964	445
1965	445
1966	440
1967	426
1968	425
1969	431
1970	462
1971	421
1972	445
1973	457
1974	493
1975	429
1976	439
1977	437
1978	451
1979	407
1980	461
1981	441
1982	446
1983	440
1984	381
1985	416
1986	449
1987	389
1988	425
1989	419
1990	403
1991	425
1992	435
1993	438
1994	431
1995	407
1996	395
1997	409
1998	369
1999	386
2000	423
2001	371
2002	403
2003	401
2004	390
2005	415
2006	380
2007	395
2008	430
2009	450
2010	403
2011	372
2012	389
2013	344
2014	372
2015	369
2016	407
2017	384
2018	380
2019	402
2020	380
2021	357
2022	353
2023	381
2024	425
2025	343
2026	386
2027	380
2028	376
2029	344
2030	352
2031	393
2032	376
2033	365
2034	371
2035	362
2036	330
2037	361
2038	352
2039	383
2040	374
2041	319
2042	357
2043	376
2044	357
2045	317
2046	361
2047	351
2048	354
2049	332
2050	328
2051	317
2052	347
2053	357
2054	348
2055	325
2056	329
2057	336
2058	337
2059	327
2060	332
2061	327
2062	331
2063	316
2064	315
2065	336
2066	312
2067	289
2068	341
2069	329
2070	313
2071	334
2072	284
2073	289
2074	307
2075	302
2076	303
2077	295
2078	306
2079	287
2080	296
2081	287
2082	313
2083	280
2084	292
2085	303
2086	281
2087	286
2088	300
2089	337
2090	289
2091	314
2092	273
2093	316
2094	302
2095	271
2096	290
2097	277
2098	298
2099	276
2100	280
2101	284
2102	271
2103	301
2104	280
2105	294
2106	266
2107	279
2108	283
2109	278
2110	272
2111	267
2112	276
2113	273
2114	271
2115	263
2116	299
2117	283
2118	250
2119	259
2120	258
2121	247
2122	272
2123	259
2124	253
2125	282
2126	244
2127	267
2128	214
2129	290
2130	252
2131	272
2132	272
2133	271
2134	258
2135	264
2136	240
2137	244
2138	261
2139	249
2140	242
2141	258
2142	236
2143	260
2144	223
2145	240
2146	241
2147	230
2148	236
2149	248
2150	213
2151	231
2152	232
2153	251
2154	237
2155	246
2156	254
2157	233
2158	235
2159	252
2160	236
2161	215
2162	250
2163	198
2164	210
2165	228
2166	241
2167	221
2168	223
2169	226
2170	205
2171	198
2172	237
2173	228
2174	213
2175	235
2176	217
2177	245
2178	253
2179	219
2180	238
2181	220
2182	228
2183	209
2184	212
2185	228
2186	220
2187	205
2188	197
2189	222
2190	200
2191	205
2192	179
2193	225
2194	172
2195	192
2196	229
2197	200
2198	198
2199	200
2200	220
2201	228
2202	199
2203	179
2204	218
2205	184
2206	182
2207	184
2208	203
2209	208
2210	191
2211	174
2212	203
2213	184
2214	194
2215	209
2216	220
2217	195
2218	183
2219	179
2220	181
2221	170
2222	188
2223	184
2224	208
2225	189
2226	202
2227	172
2228	194
2229	189
2230	167
2231	192
2232	159
2233	188
2234	190
2235	183
2236	160
2237	176
2238	192
2239	165
2240	195
2241	173
2242	179
2243	188
2244	152
2245	190
2246	179
2247	165
2248	162
2249	168
2250	183
2251	172
2252	173
2253	187
2254	175
2255	180
2256	184
2257	168
2258	159
2259	139
2260	177
2261	150
2262	176
2263	159
2264	172
2265	154
2266	182
2267	158
2268	163
2269	174
2270	174
2271	154
2272	153
2273	141
2274	157
2275	185
2276	159
2277	153
2278	155
2279	158
2280	166
2281	141
2282	123
2283	147
2284	150
2285	171
2286	159
2287	158
2288	174
2289	145
2290	157
2291	151
2292	134
2293	152
2294	142
2295	139
2296	134
2297	143
2298	142
2299	122
2300	151
2301	131
2302	157
2303	142
2304	173
2305	130
2306	154
2307	110
2308	131
2309	134
2310	153
2311	139
2312	127
2313	137
2314	133
2315	137
2316	121
2317	133
2318	137
2319	128
2320	133
2321	115
2322	131
2323	142
2324	149
2325	131
2326	147
2327	141
2328	115
2329	135
2330	131
2331	145
2332	131
2333	126
2334	131
2335	111
2336	135
2337	126
2338	120
2339	123
2340	122
2341	126
2342	140
2343	100
2344	132
2345	117
2346	125
2347	126
2348	119
2349	150
2350	109
2351	126
2352	104
2353	133
2354	122
2355	105
2356	106
2357	133
2358	123
2359	139
2360	114
2361	98
2362	119
2363	113
2364	121
2365	114
2366	105
2367	113
2368	94
2369	102
2370	123
2371	97
2372	110
2373	109
2374	98
2375	106
2376	104
2377	119
2378	106
2379	107
2380	100
2381	108
2382	88
2383	102
2384	105
2385	103
2386	107
2387	123
2388	98
2389	115
2390	95
2391	112
2392	86
2393	105
2394	96
2395	112
2396	95
2397	101
2398	109
2399	119
2400	113
2401	114
2402	104
2403	115
2404	97
2405	109
2406	121
2407	122
2408	104
2409	90
2410	95
2411	99
2412	83
2413	103
2414	119
2415	95
2416	90
2417	87
2418	97
2419	107
2420	104
2421	84
2422	107
2423	90
2424	84
2425	109
2426	89
2427	103
2428	96
2429	78
2430	89
2431	84
2432	101
2433	89
2434	111
2435	85
2436	85
2437	101
2438	80
2439	78
2440	79
2441	93
2442	93
2443	95
2444	89
2445	89
2446	74
2447	78
2448	104
2449	71
2450	79
2451	91
2452	104
2453	84
2454	82
2455	89
2456	94
2457	86
2458	85
2459	83
2460	83
2461	94
2462	102
2463	73
2464	79
2465	75
2466	74
2467	85
2468	68
2469	76
2470	68
2471	77
2472	89
2473	86
2474	64
2475	84
2476	83
2477	95
2478	74
2479	60
2480	76
2481	86
2482	92
2483	79
2484	93
2485	86
2486	72
2487	86
2488	76
2489	86
2490	78
2491	85
2492	73
2493	73
2494	57
2495	72
2496	67
2497	69
2498	67
2499	81
2500	54
2501	74
2502	75
2503	84
2504	93
2505	71
2506	81
2507	68
2508	70
2509	68
2510	66
2511	65
2512	76
2513	54
2514	68
2515	63
2516	73
2517	75
2518	88
2519	81
2520	69
2521	61
2522	64
2523	61
2524	65
2525	57
2526	72
2527	56
2528	73
2529	56
2530	51
2531	58
2532	71
2533	74
2534	63
2535	71
2536	73
2537	63
2538	56
2539	61
2540	62
2541	76
2542	68
2543	74
2544	63
2545	75
2546	65
2547	66
2548	61
2549	49
2550	63
2551	50
2552	53
2553	69
2554	61
2555	68
2556	60
2557	67
2558	61
2559	59
2560	60
2561	62
2562	53
2563	56
2564	63
2565	63
2566	54
2567	53
2568	54
2569	49
2570	69
2571	49
2572	51
2573	57
2574	42
2575	60
2576	38
2577	50
2578	58
2579	57
2580	52
2581	69
2582	53
2583	61
2584	39
2585	50
2586	68
2587	65
2588	67
2589	43
2590	64
2591	44
2592	50
2593	60
2594	70
2595	52
2596	50
2597	53
2598	63
2599	60
2600	45
2601	60
2602	54
2603	49
2604	42
2605	50
2606	57
2607	41
2608	53
2609	57
2610	46
2611	54
2612	45
2613	46
2614	54
2615	46
2616	45
2617	43
2618	43
2619	56
2620	53
2621	50
2622	49
2623	40
2624	48
2625	42
2626	55
2627	51
2628	47
2629	55
2630	40
2631	51
2632	44
2633	47
2634	53
2635	46
2636	46
2637	39
2638	38
2639	48
2640	53
2641	44
2642	42
2643	40
2644	37
2645	33
2646	41
2647	40
2648	40
2649	34
2650	35
2651	38
2652	34
2653	49
2654	30
2655	49
2656	48
2657	45
2658	46
2659	49
2660	30
2661	40
2662	47
2663	35
2664	50
2665	38
2666	48
2667	47
2668	35
2669	46
2670	45
2671	35
2672	35
2673	36
2674	38
2675	46
2676	45
2677	43
2678	47
2679	30
2680	59
2681	46
2682	23
2683	34
2684	50
2685	46
2686	40
2687	37
2688	37
2689	39
2690	40
2691	42
2692	49
2693	34
2694	40
2695	28
2696	42
2697	32
2698	25
2699	30
2700	47
2701	40
2702	41
2703	29
2704	36
2705	35
2706	42
2707	49
2708	34
2709	34
2710	38
2711	33
2712	43
2713	40
2714	33
2715	39
2716	28
2717	36
2718	31
2719	19
2720	30
2721	37
2722	40
2723	38
2724	35
2725	39
2726	34
2727	30
2728	33
2729	33
2730	38
2731	37
2732	27
2733	27
2734	36
2735	49
2736	35
2737	36
2738	28
2739	45
2740	42
2741	43
2742	36
2743	26
2744	40
2745	35
2746	36
2747	25
2748	33
2749	31
2750	29
2751	40
2752	32
2753	38
2754	37
2755	32
2756	29
2757	25
2758	30
2759	35
2760	32
2761	27
2762	32
2763	27
2764	39
2765	24
2766	25
2767	42
2768	28
2769	32
2770	38
2771	24
2772	29
2773	32
2774	31
2775	34
2776	31
2777	39
2778	35
2779	27
2780	26
2781	40
2782	26
2783	41
2784	21
2785	30
2786	31
2787	30
2788	22
2789	24
2790	23
2791	20
2792	22
2793	32
2794	22
2795	32
2796	37
2797	16
2798	28
2799	29
2800	39
2801	30
2802	30
2803	20
2804	36
2805	31
2806	33
2807	32
2808	34
2809	20
2810	28
2811	25
2812	35
2813	29
2814	23
2815	23
2816	31
2817	30
2818	28
2819	36
2820	27
2821	22
2822	27
2823	24
2824	25
2825	21
2826	24
2827	20
2828	27
2829	19
2830	30
2831	25
2832	30
2833	21
2834	21
2835	29
2836	28
2837	34
2838	27
2839	28
2840	26
2841	24
2842	19
2843	34
2844	21
2845	27
2846	14
2847	18
2848	30
2849	21
2850	25
2851	26
2852	30
2853	25
2854	25
2855	22
2856	25
2857	30
2858	33
2859	15
2860	25
2861	27
2862	16
2863	24
2864	21
2865	18
2866	23
2867	26
2868	25
2869	25
2870	16
2871	18
2872	17
2873	17
2874	19
2875	24
2876	29
2877	18
2878	19
2879	17
2880	20
2881	14
2882	23
2883	24
2884	23
2885	21
2886	24
2887	20
2888	21
2889	19
2890	19
2891	17
2892	14
2893	28
2894	18
2895	15
2896	16
2897	23
2898	24
2899	16
2900	13
2901	26
2902	19
2903	21
2904	26
2905	16
2906	20
2907	17
2908	24
2909	29
2910	24
2911	16
2912	13
2913	19
2914	13
2915	18
2916	19
2917	22
2918	21
2919	21
2920	28
2921	21
2922	22
2923	17
2924	18
2925	22
2926	13
2927	18
2928	18
2929	15
2930	19
2931	19
2932	20
2933	25
2934	20
2935	12
2936	25
2937	24
2938	21
2939	22
2940	21
2941	22
2942	15
2943	20
2944	23
2945	14
2946	18
2947	21
2948	24
2949	15
2950	29
2951	16
2952	14
2953	19
2954	17
2955	19
2956	12
2957	17
2958	17
2959	18
2960	15
2961	14
2962	12
2963	20
2964	13
2965	19
2966	20
2967	13
2968	23
2969	15
2970	17
2971	11
2972	17
2973	19
2974	26
2975	13
2976	15
2977	18
2978	17
2979	16
2980	17
2981	21
2982	11
2983	12
2984	19
2985	16
2986	16
2987	14
2988	9
2989	12
2990	13
2991	15
2992	16
2993	9
2994	11
2995	9
2996	18
2997	19
2998	24
2999	16
3000	21
3001	18
3002	19
3003	11
3004	16
3005	15
3006	25
3007	22
3008	14
3009	18
3010	15
3011	7
3012	21
3013	22
3014	16
3015	12
3016	16
3017	17
3018	12
3019	14
3020	11
3021	12
3022	16
3023	15
3024	25
3025	17
3026	11
3027	14
3028	9
3029	15
3030	15
3031	14
3032	16
3033	10
3034	12
3035	18
3036	14
3037	12
3038	7
3039	13
3040	19
3041	13
3042	16
3043	16
3044	10
3045	10
3046	13
3047	8
3048	12
3049	17
3050	9
3051	14
3052	15
3053	17
3054	13
3055	11
3056	16
3057	16
3058	14
3059	17
3060	9
3061	13
3062	9
3063	10
3064	12
3065	13
3066	17
3067	10
3068	18
3069	14
3070	11
3071	12
3072	18
3073	13
3074	13
3075	19
3076	13
3077	18
3078	11
3079	16
3080	15
3081	10
3082	16
3083	15
3084	12
3085	12
3086	10
3087	9
3088	7
3089	9
3090	21
3091	16
3092	14
3093	6
3094	6
3095	14
3096	15
3097	8
3098	13
3099	16
3100	12
3101	6
3102	9
3103	15
3104	12
3105	12
3106	11
3107	15
3108	6
3109	7
3110	10
3111	9
3112	15
3113	9
3114	17
3115	13
3116	11
3117	14
3118	12
3119	7
3120	15
3121	10
3122	11
3123	15
3124	12
3125	6
3126	9
3127	8
3128	11
3129	8
3130	13
3131	13
3132	9
3133	11
3134	19
3135	9
3136	6
3137	15
3138	11
3139	14
3140	11
3141	7
3142	10
3143	12
3144	8
3145	15
3146	5
3147	8
3148	20
3149	10
3150	8
3151	14
3152	9
3153	10
3154	12
3155	11
3156	12
3157	9
3158	12
3159	15
3160	9
3161	7
3162	7
3163	20
3164	11
3165	8
3166	8
3167	14
3168	7
3169	12
3170	13
3171	7
3172	8
3173	9
3174	8
3175	8
3176	12
3177	6
3178	8
3179	11
3180	17
3181	13
3182	13
3183	5
3184	10
3185	14
3186	8
3187	8
3188	4
3189	7
3190	9
3191	7
3192	10
3193	6
3194	11
3195	11
3196	11
3197	12
3198	12
3199	11
3200	10
3201	9
3202	6
3203	6
3204	10
3205	11
3206	10
3207	6
3208	12
3209	11
3210	13
3211	7
3212	6
3213	10
3214	12
3215	12
3216	7
3217	4
3218	10
3219	7
3220	8
3221	12
3222	4
3223	13
3224	6
3225	10
3226	7
3227	7
3228	10
3229	8
3230	7
3231	6
3232	6
3233	11
3234	5
3235	10
3236	10
3237	7
3238	10
3239	9
3240	5
3241	10
3242	10
3243	10
3244	11
3245	6
3246	7
3247	10
3248	15
3249	12
3250	12
3251	14
3252	8
3253	5
3254	12
3255	9
3256	14
3257	3
3258	4
3259	12
3260	6
3261	5
3262	5
3263	8
3264	9
3265	10
3266	9
3267	7
3268	7
3269	8
3270	15
3271	10
3272	4
3273	6
3274	5
3275	5
3276	7
3277	7
3278	9
3279	5
3280	4
3281	5
3282	5
3283	10
3284	7
3285	6
3286	8
3287	7
3288	17
3289	3
3290	9
3291	6
3292	7
3293	11
3294	2
3295	3
3296	7
3297	7
3298	2
3299	5
3300	3
3301	12
3302	11
3303	7
3304	5
3305	7
3306	9
3307	8
3308	7
3309	12
3310	7
3311	7
3312	6
3313	4
3314	5
3315	8
3316	3
3317	8
3318	6
3319	9
3320	4
3321	10
3322	7
3323	4
3324	4
3325	9
3326	6
3327	8
3328	7
3329	7
3330	6
3331	7
3332	5
3333	5
3334	9
3335	3
3336	8
3337	9
3338	5
3339	3
3340	3
3341	7
3342	7
3343	4
3344	2
3345	5
3346	5
3347	7
3348	4
3349	6
3350	12
3351	6
3352	7
3353	8
3354	11
3355	10
3356	2
3357	5
3358	2
3359	3
3360	5
3361	11
3362	7
3363	4
3364	5
3365	8
3366	7
3367	6
3368	8
3369	6
3370	9
3371	5
3372	8
3373	13
3374	8
3375	4
3376	6
3377	11
3378	4
3379	2
3380	5
3381	9
3382	2
3383	4
3384	5
3385	6
3386	7
3387	6
3388	5
3389	7
3390	5
3391	5
3392	9
3393	3
3394	4
3395	5
3396	6
3397	4
3398	11
3399	4
3400	5
3401	4
3402	7
3403	6
3404	2
3405	7
3406	7
3407	7
3408	5
3409	2
3410	4
3411	4
3412	4
3413	4
3414	7
3415	10
3416	8
3417	4
3418	6
3419	5
3420	4
3421	2
3422	5
3423	6
3424	3
3425	8
3426	6
3427	4
3428	11
3429	3
3430	5
3431	5
3432	7
3433	8
3434	3
3435	4
3436	8
3437	7
3438	6
3439	5
3440	6
3441	6
3442	8
3443	5
3444	7
3445	8
3446	5
3447	4
3448	8
3449	5
3450	4
3451	7
3452	3
3453	0
3454	4
3455	5
3456	5
3457	4
3458	2
3459	5
3460	10
3461	5
3462	1
3463	5
3464	10
3465	6
3466	7
3467	7
3468	5
3469	5
3470	9
3471	0
3472	6
3473	3
3474	3
3475	7
3476	5
3477	6
3478	1
3479	6
3480	5
3481	7
3482	2
3483	3
3484	3
3485	1
3486	3
3487	5
3488	8
3489	3
3490	6
3491	7
3492	7
3493	3
3494	2
3495	4
3496	7
3497	6
3498	3
3499	6
3500	1
3501	7
3502	5
3503	6
3504	3
3505	5
3506	4
3507	7
3508	6
3509	3
3510	6
3511	7
3512	4
3513	4
3514	2
3515	2
3516	2
3517	7
3518	9
3519	5
3520	3
3521	0
3522	4
3523	5
3524	3
3525	5
3526	6
3527	3
3528	7
3529	4
3530	10
3531	6
3532	6
3533	2
3534	2
3535	3
3536	8
3537	4
3538	4
3539	4
3540	7
3541	2
3542	3
3543	7
3544	5
3545	3
3546	5
3547	2
3548	3
3549	5
3550	7
3551	4
3552	6
3553	6
3554	2
3555	5
3556	6
3557	1
3558	4
3559	4
3560	7
3561	5
3562	4
3563	2
3564	3
3565	4
3566	3
3567	2
3568	5
3569	3
3570	3
3571	3
3572	9
3573	5
3574	1
3575	4
3576	4
3577	8
3578	3
3579	3
3580	5
3581	4
3582	5
3583	4
3584	5
3585	6
3586	6
3587	7
3588	2
3589	4
3590	4
3591	4
3592	7
3593	1
3594	9
3595	5
3596	6
3597	3
3598	3
3599	5
3600	3
3601	2
3602	2
3603	3
3604	3
3605	7
3606	6
3607	6
3608	6
3609	1
3610	5
3611	4
3612	4
3613	5
3614	2
3615	2
3616	3
3617	4
3618	4
3619	6
3620	5
3621	4
3622	2
3623	7
3624	6
3625	7
3626	4
3627	3
3628	7
3629	1
3630	4
3631	5
3632	4
3633	2
3634	5
3635	2
3636	3
3637	3
3638	3
3639	2
3640	1
3641	2
3642	4
3643	6
3644	7
3645	5
3646	6
3647	4
3648	5
3649	3
3650	3
3651	3
3652	2
3653	3
3654	2
3655	2
3656	5
3657	1
3658	1
3659	2
3660	4
3661	3
3662	1
3663	2
3664	5
3665	4
3666	4
3667	7
3668	5
3669	5
3670	2
3671	4
3672	6
3673	5
3674	2
3675	2
3676	0
3677	1
3678	6
3679	4
3680	6
3681	6
3682	7
3683	7
3684	1
3685	3
3686	4
3687	1
3688	6
3689	2
3690	6
3691	5
3692	7
3693	6
3694	2
3695	6
3696	9
3697	2
3698	3
3699	6
3700	7
3701	4
3702	2
3703	5
3704	6
3705	4
3706	4
3707	6
3708	4
3709	4
3710	5
3711	4
3712	3
3713	6
3714	5
3715	3
3716	4
3717	3
3718	5
3719	2
3720	2
3721	3
3722	3
3723	3
3724	2
3725	3
3726	1
3727	3
3728	6
3729	5
3730	2
3731	1
3732	3
3733	4
3734	5
3735	1
3736	4
3737	6
3738	6
3739	5
3740	5
3741	2
3742	1
3743	4
3744	10
3745	5
3746	2
3747	5
3748	2
3749	1
3750	8
3751	0
3752	3
3753	5
3754	4
3755	5
3756	6
3757	9
3758	3
3759	3
3760	6
3761	3
3762	7
3763	6
3764	2
3765	3
3766	4
3767	1
3768	4
3769	3
3770	2
3771	7
3772	4
3773	3
3774	2
3775	2
3776	8
3777	3
3778	6
3779	4
3780	3
3781	3
3782	2
3783	5
3784	5
3785	3
3786	7
3787	1
3788	3
3789	1
3790	6
3791	1
3792	4
3793	4
3794	5
3795	0
3796	3
3797	1
3798	5
3799	6
3800	2
3801	3
3802	2
3803	6
3804	2
3805	3
3806	4
3807	2
3808	2
3809	4
3810	3
3811	0
3812	1
3813	1
3814	2
3815	4
3816	5
3817	2
3818	5
3819	5
3820	3
3821	5
3822	6
3823	3
3824	1
3825	9
3826	0
3827	1
3828	6
3829	3
3830	3
3831	0
3832	4
3833	4
3834	3
3835	5
3836	2
3837	6
3838	2
3839	1
3840	1
3841	4
3842	2
3843	3
3844	3
3845	4
3846	1
3847	3
3848	4
3849	4
3850	4
3851	1
3852	3
3853	2
3854	1
3855	4
3856	4
3857	2
3858	2
3859	0
3860	1
3861	3
3862	4
3863	4
3864	1
3865	3
3866	1
3867	5
3868	6
3869	3
3870	5
3871	3
3872	4
3873	5
3874	2
3875	5
3876	3
3877	0
3878	7
3879	4
3880	4
3881	3
3882	5
3883	1
3884	2
3885	3
3886	1
3887	2
3888	4
3889	3
3890	5
3891	4
3892	3
3893	1
3894	2
3895	2
3896	5
3897	1
3898	3
3899	3
3900	1
3901	1
3902	4
3903	1
3904	1
3905	2
3906	3
3907	4
3908	2
3909	4
3910	2
3911	1
3912	5
3913	4
3914	4
3915	2
3916	2
3917	5
3918	2
3919	4
3920	4
3921	6
3922	3
3923	1
3924	2
3925	5
3926	3
3927	4
3928	1
3929	4
3930	2
3931	3
3932	1
3933	1
3934	4
3935	3
3936	3
3937	4
3938	2
3939	4
3940	3
3941	4
3942	5
3943	5
3944	3
3945	2
3946	5
3947	4
3948	3
3949	0
3950	6
3951	1
3952	2
3953	1
3954	5
3955	2
3956	5
3957	1
3958	5
3959	2
3960	3
3961	5
3962	2
3963	3
3964	6
3965	6
3966	4
3967	4
3968	1
3969	1
3970	1
3971	4
3972	3
3973	6
3974	4
3975	3
3976	4
3977	3
3978	4
3979	0
3980	1
3981	1
3982	2
3983	3
3984	5
3985	4
3986	4
3987	3
3988	2
3989	3
3990	4
3991	2
3992	3
3993	6
3994	3
3995	1
3996	3
3997	4
3998	3
3999	2
4000	2
4001	2
4002	2
4003	5
4004	1
4005	2
4006	0
4007	4
4008	3
4009	4
4010	2
4011	4
4012	2
4013	3
4014	3
4015	3
4016	1
4017	3
4018	3
4019	2
4020	3
4021	1
4022	1
4023	3
4024	2
4025	3
4026	3
4027	6
4028	1
4029	5
4030	4
4031	2
4032	1
4033	2
4034	0
4035	1
4036	2
4037	2
4038	2
4039	2
4040	2
4041	4
4042	3
4043	3
4044	3
4045	0
4046	2
4047	6
4048	4
4049	1
4050	3
4051	2
4052	5
4053	2
4054	2
4055	1
4056	1
4057	1
4058	2
4059	3
4060	2
4061	2
4062	0
4063	4
4064	1
4065	2
4066	1
4067	3
4068	1
4069	4
4070	6
4071	3
4072	5
4073	5
4074	0
4075	4
4076	1
4077	5
4078	4
4079	2
4080	0
4081	2
4082	3
4083	3
4084	1
4085	0
4086	8
4087	2
4088	3
4089	1
4090	2
4091	1
4092	4
4093	1
4094	2
4095	0
4096	3
4097	5
4098	4
4099	3
4100	1
4101	3
4102	3
4103	1
4104	3
4105	2
4106	8
4107	1
4108	4
4109	2
4110	2
4111	5
4112	4
4113	5
4114	2
4115	0
4116	2
4117	1
4118	6
4119	2
4120	1
4121	1
4122	2
4123	1
4124	2
4125	4
4126	0
4127	1
4128	2
4129	3
4130	3
4131	4
4132	2
4133	2
4134	4
4135	3
4136	2
4137	1
4138	0
4139	2
4140	1
4141	3
4142	7
4143	4
4144	2
4145	5
4146	5
4147	7
4148	1
4149	0
4150	4
4151	3
4152	4
4153	4
4154	6
4155	3
4156	4
4157	5
4158	2
4159	3
4160	4
4161	2
4162	2
4163	2
4164	6
4165	4
4166	4
4167	6
4168	2
4169	3
4170	0
4171	3
4172	1
4173	6
4174	1
4175	6
4176	3
4177	3
4178	2
4179	2
4180	4
4181	2
4182	2
4183	0
4184	0
4185	2
4186	3
4187	4
4188	4
4189	0
4190	2
4191	4
4192	3
4193	3
4194	3
4195	1
4196	3
4197	4
4198	3
4199	3
4200	4
4201	1
4202	1
4203	2
4204	3
4205	1
4206	4
4207	2
4208	3
4209	2
4210	4
4211	2
4212	1
4213	1
4214	5
4215	2
4216	2
4217	3
4218	3
4219	2
4220	3
4221	1
4222	0
4223	5
4224	1
4225	5
4226	1
4227	4
4228	2
4229	2
4230	4
4231	4
4232	1
4233	2
4234	5
4235	0
4236	5
4237	3
4238	3
4239	5
4240	4
4241	4
4242	1
4243	3
4244	2
4245	4
4246	1
4247	3
4248	4
4249	0
4250	1
4251	4
4252	2
4253	2
4254	3
4255	3
4256	4
4257	1
4258	5
4259	0
4260	2
4261	0
4262	3
4263	4
4264	2
4265	1
4266	4
4267	4
4268	0
4269	1
4270	0
4271	2
4272	3
4273	2
4274	3
4275	5
4276	2
4277	2
4278	4
4279	3
4280	0
4281	1
4282	2
4283	1
4284	7
4285	0
4286	2
4287	3
4288	2
4289	6
4290	1
4291	2
4292	0
4293	1
4294	3
4295	4
4296	2
4297	2
4298	1
4299	2
4300	4
4301	2
4302	2
4303	5
4304	5
4305	2
4306	3
4307	7
4308	3
4309	2
4310	5
4311	2
4312	0
4313	4
4314	1
4315	4
4316	2
4317	2
4318	4
4319	6
4320	5
4321	1
4322	1
4323	2
4324	3
4325	2
4326	4
4327	1
4328	1
4329	2
4330	2
4331	1
4332	2
4333	4
4334	0
4335	2
4336	1
4337	2
4338	0
4339	3
4340	3
4341	4
4342	2
4343	6
4344	3
4345	2
4346	3
4347	3
4348	2
4349	5
4350	2
4351	3
4352	1
4353	3
4354	0
4355	5
4356	1
4357	0
4358	3
4359	2
4360	1
4361	5
4362	4
4363	0
4364	4
4365	3
4366	3
4367	2
4368	1
4369	6
4370	1
4371	3
4372	4
4373	1
4374	0
4375	6
4376	2
4377	3
4378	3
4379	2
4380	3
4381	0
4382	1
4383	2
4384	0
4385	3
4386	3
4387	0
4388	3
4389	0
4390	2
4391	1
4392	4
4393	6
4394	2
4395	2
4396	1
4397	5
4398	1
4399	1
4400	5
4401	2
4402	2
4403	1
4404	3
4405	4
4406	1
4407	2
4408	2
4409	1
4410	3
4411	2
4412	0
4413	4
4414	2
4415	6
4416	0
4417	2
4418	4
4419	2
4420	6
4421	5
4422	1
4423	0
4424	2
4425	2
4426	4
4427	3
4428	1
4429	0
4430	0
4431	3
4432	3
4433	0
4434	1
4435	1
4436	2
4437	2
4438	0
4439	1
4440	3
4441	1
4442	1
4443	0
4444	4
4445	3
4446	0
4447	1
4448	3
4449	1
4450	2
4451	3
4452	1
4453	1
4454	3
4455	2
4456	3
4457	3
4458	3
4459	2
4460	2
4461	3
4462	2
4463	3
4464	1
4465	3
4466	4
4467	0
4468	1
4469	3
4470	1
4471	2
4472	1
4473	2
4474	3
4475	3
4476	1
4477	3
4478	7
4479	2
4480	1
4481	3
4482	3
4483	3
4484	2
4485	2
4486	2
4487	4
4488	2
4489	3
4490	4
4491	2
4492	6
4493	2
4494	2
4495	3
4496	2
4497	3
4498	4
4499	3
4500	1
4501	2
4502	3
4503	1
4504	4
4505	6
4506	1
4507	3
4508	1
4509	3
4510	3
4511	0
4512	0
4513	2
4514	4
4515	1
4516	2
4517	1
4518	2
4519	1
4520	2
4521	0
4522	3
4523	3
4524	2
4525	0
4526	0
4527	2
4528	1
4529	1
4530	1
4531	6
4532	3
4533	5
4534	2
4535	2
4536	1
4537	2
4538	2
4539	2
4540	2
4541	2
4542	2
4543	2
4544	0
4545	2
4546	2
4547	2
4548	2
4549	1
4550	4
4551	2
4552	3
4553	2
4554	3
4555	0
4556	2
4557	1
4558	2
4559	3
4560	4
4561	3
4562	8
4563	0
4564	2
4565	3
4566	3
4567	1
4568	2
4569	3
4570	1
4571	2
4572	3
4573	3
4574	2
4575	3
4576	2
4577	3
4578	2
4579	2
4580	3
4581	2
4582	4
4583	2
4584	5
4585	2
4586	3
4587	3
4588	2
4589	1
4590	2
4591	2
4592	1
4593	5
4594	2
4595	3
4596	6
4597	3
4598	2
4599	1
4600	2
4601	3
4602	3
4603	2
4604	2
4605	2
4606	1
4607	1
4608	0
4609	0
4610	2
4611	3
4612	3
4613	1
4614	5
4615	3
4616	3
4617	4
4618	1
4619	3
4620	5
4621	1
4622	4
4623	3
4624	2
4625	1
4626	1
4627	0
4628	1
4629	2
4630	1
4631	4
4632	1
4633	2
4634	4
4635	1
4636	1
4637	0
4638	1
4639	1
4640	3
4641	7
4642	1
4643	4
4644	3
4645	2
4646	1
4647	1
4648	5
4649	1
4650	2
4651	5
4652	2
4653	3
4654	1
4655	0
4656	4
4657	4
4658	3
4659	7
4660	5
4661	2
4662	2
4663	0
4664	0
4665	1
4666	3
4667	4
4668	1
4669	1
4670	1
4671	3
4672	0
4673	3
4674	4
4675	1
4676	4
4677	2
4678	2
4679	4
4680	4
4681	3
4682	1
4683	2
4684	1
4685	2
4686	2
4687	2
4688	4
4689	5
4690	2
4691	4
4692	1
4693	4
4694	4
4695	2
4696	2
4697	4
4698	0
4699	1
4700	1
4701	1
4702	7
4703	2
4704	2
4705	1
4706	4
4707	2
4708	0
4709	4
4710	1
4711	3
4712	1
4713	4
4714	4
4715	6
4716	2
4717	3
4718	1
4719	4
4720	2
4721	2
4722	1
4723	5
4724	3
4725	3
4726	2
4727	2
4728	3
4729	3
4730	2
4731	1
4732	1
4733	2
4734	4
4735	7
4736	1
4737	3
4738	2
4739	2
4740	4
4741	5
4742	2
4743	2
4744	4
4745	3
4746	4
4747	1
4748	3
4749	2
4750	2
4751	1
4752	4
4753	3
4754	0
4755	1
4756	3
4757	2
4758	2
4759	1
4760	1
4761	3
4762	5
4763	4
4764	5
4765	6
4766	1
4767	1
4768	5
4769	3
4770	4
4771	2
4772	3
4773	3
4774	4
4775	4
4776	3
4777	3
4778	3
4779	3
4780	5
4781	0
4782	5
4783	5
4784	2
4785	2
4786	2
4787	3
4788	2
4789	1
4790	2
4791	2
4792	2
4793	2
4794	3
4795	3
4796	3
4797	1
4798	1
4799	1
4800	2
4801	4
4802	1
4803	2
4804	5
4805	3
4806	1
4807	1
4808	3
4809	4
4810	4
4811	6
4812	2
4813	4
4814	7
4815	2
4816	2
4817	3
4818	2
4819	5
4820	3
4821	4
4822	3
4823	2
4824	4
4825	2
4826	1
4827	2
4828	2
4829	4
4830	2
4831	2
4832	0
4833	2
4834	5
4835	2
4836	2
4837	1
4838	3
4839	6
4840	2
4841	2
4842	2
4843	2
4844	4
4845	2
4846	2
4847	1
4848	4
4849	2
4850	5
4851	4
4852	2
4853	1
4854	2
4855	5
4856	3
4857	4
4858	2
4859	3
4860	1
4861	0
4862	2
4863	3
4864	1
4865	2
4866	3
4867	2
4868	1
4869	1
4870	3
4871	2
4872	1
4873	3
4874	1
4875	1
4876	1
4877	5
4878	1
4879	3
4880	2
4881	6
4882	0
4883	1
4884	2
4885	6
4886	3
4887	5
4888	4
4889	3
4890	3
4891	2
4892	5
4893	6
4894	4
4895	1
4896	0
4897	2
4898	2
4899	0
4900	5
4901	2
4902	2
4903	3
4904	3
4905	3
4906	3
4907	4
4908	3
4909	1
4910	2
4911	2
4912	1
4913	1
4914	2
4915	1
4916	2
4917	0
4918	1
4919	2
4920	2
4921	0
4922	5
4923	4
4924	4
4925	1
4926	4
4927	4
4928	1
4929	5
4930	1
4931	0
4932	4
4933	5
4934	1
4935	4
4936	2
4937	0
4938	5
4939	3
4940	3
4941	3
4942	3
4943	2
4944	3
4945	3
4946	2
4947	2
4948	1
4949	2
4950	3
4951	3
4952	1
4953	2
4954	3
4955	4
4956	1
4957	0
4958	3
4959	3
4960	1
4961	3
4962	3
4963	1
4964	3
4965	4
4966	4
4967	3
4968	2
4969	4
4970	5
4971	3
4972	3
4973	2
4974	5
4975	5
4976	4
4977	0
4978	2
4979	3
4980	3
4981	3
4982	2
4983	0
4984	1
4985	2
4986	2
4987	2
4988	1
4989	0
4990	0
4991	2
4992	2
4993	3
4994	1
4995	1
4996	2
4997	3
4998	2
4999	1
5000	3
5001	0
5002	1
5003	2
5004	2
5005	2
5006	2
5007	2
5008	2
5009	2
5010	3
5011	1
5012	2
5013	1
5014	3
5015	3
5016	1
5017	2
5018	2
5019	3
5020	4
5021	2
5022	0
5023	2
5024	2
5025	3
5026	1
5027	3
5028	0
5029	4
5030	4
5031	3
5032	2
5033	5
5034	4
5035	2
5036	2
5037	0
5038	1
5039	0
5040	1
5041	2
5042	2
5043	0
5044	1
5045	3
5046	1
5047	1
5048	3
5049	4
5050	1
5051	1
5052	4
5053	0
5054	1
5055	4
5056	0
5057	2
5058	3
5059	3
5060	2
5061	2
5062	4
5063	6
5064	4
5065	4
5066	2
5067	6
5068	3
5069	2
5070	1
5071	3
5072	4
5073	1
5074	3
5075	2
5076	2
5077	2
5078	2
5079	5
5080	3
5081	2
5082	3
5083	0
5084	6
5085	1
5086	0
5087	2
5088	4
5089	1
5090	1
5091	2
5092	2
5093	2
5094	1
5095	0
5096	1
5097	3
5098	0
5099	2
5100	0
5101	5
5102	1
5103	4
5104	6
5105	2
5106	1
5107	2
5108	2
5109	1
5110	5
5111	2
5112	4
5113	0
5114	1
5115	4
5116	2
5117	2
5118	1
5119	1
5120	2
5121	2
5122	2
5123	3
5124	3
5125	2
5126	2
5127	1
5128	2
5129	4
5130	5
5131	0
5132	3
5133	1
5134	0
5135	4
5136	2
5137	3
5138	5
5139	2
5140	6
5141	2
5142	6
5143	2
5144	2
5145	1
5146	4
5147	2
5148	2
5149	1
5150	2
5151	4
5152	3
5153	0
5154	0
5155	0
5156	3
5157	2
5158	5
5159	2
5160	1
5161	1
5162	2
5163	0
5164	0
5165	2
5166	4
5167	2
5168	4
5169	1
5170	0
5171	2
5172	2
5173	1
5174	3
5175	3
5176	0
5177	1
5178	3
5179	2
5180	3
5181	2
5182	0
5183	4
5184	0
5185	5
5186	3
5187	3
5188	3
5189	1
5190	2
5191	4
5192	0
5193	2
5194	4
5195	1
5196	6
5197	3
5198	3
5199	1
5200	3
5201	2
5202	2
5203	2
5204	2
5205	1
5206	3
5207	1
5208	1
5209	4
5210	1
5211	2
5212	5
5213	2
5214	2
5215	0
5216	3
5217	1
5218	3
5219	1
5220	2
5221	2
5222	6
5223	2
5224	5
5225	1
5226	3
5227	2
5228	2
5229	3
5230	2
5231	3
5232	1
5233	2
5234	3
5235	3
5236	2
5237	0
5238	3
5239	4
5240	2
5241	1
5242	2
5243	3
5244	1
5245	4
5246	0
5247	4
5248	5
5249	3
5250	3
5251	6
5252	2
5253	1
5254	1
5255	8
5256	1
5257	4
5258	1
5259	3
5260	1
5261	5
5262	3
5263	0
5264	1
5265	3
5266	4
5267	4
5268	4
5269	3
5270	1
5271	1
5272	4
5273	2
5274	2
5275	3
5276	3
5277	0
5278	4
5279	3
5280	1
5281	5
5282	3
5283	1
5284	3
5285	2
5286	1
5287	4
5288	1
5289	2
5290	3
5291	3
5292	3
5293	3
5294	3
5295	2
5296	1
5297	3
5298	2
5299	2
5300	2
5301	1
5302	2
5303	1
5304	2
5305	3
5306	5
5307	4
5308	4
5309	1
5310	5
5311	2
5312	1
5313	1
5314	3
5315	4
5316	0
5317	2
5318	4
5319	4
5320	3
5321	3
5322	3
5323	0
5324	1
5325	3
5326	3
5327	3
5328	2
5329	2
5330	3
5331	1
5332	2
5333	1
5334	1
5335	1
5336	1
5337	1
5338	2
5339	3
5340	2
5341	2
5342	1
5343	2
5344	1
5345	2
5346	3
5347	1
5348	4
5349	1
5350	3
5351	1
5352	2
5353	2
5354	2
5355	2
5356	0
5357	2
5358	1
5359	0
5360	1
5361	4
5362	2
5363	2
5364	2
5365	2
5366	3
5367	4
5368	3
5369	3
5370	4
5371	2
5372	3
5373	3
5374	2
5375	2
5376	2
5377	2
5378	2
5379	3
5380	3
5381	2
5382	5
5383	3
5384	5
5385	1
5386	4
5387	1
5388	2
5389	4
5390	2
5391	1
5392	2
5393	3
5394	4
5395	1
5396	4
5397	3
5398	4
5399	1
5400	1
5401	1
5402	3
5403	4
5404	3
5405	3
5406	1
5407	1
5408	1
5409	0
5410	2
5411	0
5412	1
5413	1
5414	1
5415	0
5416	3
5417	2
5418	3
5419	2
5420	0
5421	2
5422	3
5423	0
5424	2
5425	0
5426	3
5427	1
5428	2
5429	3
5430	2
5431	4
5432	4
5433	5
5434	1
5435	0
5436	3
5437	2
5438	2
5439	2
5440	2
5441	1
5442	1
5443	3
5444	3
5445	1
5446	0
5447	0
5448	2
5449	1
5450	5
5451	1
5452	6
5453	2
5454	3
5455	0
5456	2
5457	3
5458	0
5459	2
5460	1
5461	3
5462	1
5463	3
5464	1
5465	3
5466	1
5467	1
5468	0
5469	1
5470	0
5471	4
5472	1
5473	3
5474	2
5475	4
5476	2
5477	3
5478	2
5479	1
5480	3
5481	2
5482	6
5483	2
5484	4
5485	0
5486	1
5487	3
5488	1
5489	2
5490	3
5491	3
5492	2
5493	1
5494	1
5495	3
5496	2
5497	4
5498	2
5499	1
5500	3
5501	2
5502	2
5503	4
5504	2
5505	1
5506	1
5507	3
5508	4
5509	5
5510	5
5511	2
5512	1
5513	0
5514	2
5515	4
5516	3
5517	2
5518	2
5519	4
5520	1
5521	1
5522	4
5523	3
5524	1
5525	1
5526	2
5527	1
5528	3
5529	1
5530	2
5531	2
5532	1
5533	0
5534	2
5535	4
5536	0
5537	0
5538	2
5539	0
5540	3
5541	2
5542	3
5543	4
5544	1
5545	1
5546	4
5547	1
5548	6
5549	0
5550	0
5551	1
5552	3
5553	4
5554	0
5555	1
5556	3
5557	1
5558	0
5559	3
5560	3
5561	3
5562	2
5563	3
5564	1
5565	3
5566	1
5567	3
5568	2
5569	3
5570	1
5571	1
5572	0
5573	1
5574	2
5575	2
5576	2
5577	1
5578	2
5579	2
5580	6
5581	4
5582	2
5583	4
5584	1
5585	1
5586	4
5587	3
5588	4
5589	2
5590	0
5591	3
5592	2
5593	3
5594	3
5595	1
5596	1
5597	0
5598	3
5599	1
5600	3
5601	2
5602	0
5603	4
5604	1
5605	3
5606	1
5607	4
5608	1
5609	1
5610	4
5611	2
5612	2
5613	2
5614	2
5615	4
5616	1
5617	1
5618	1
5619	3
5620	2
5621	3
5622	2
5623	0
5624	3
5625	3
5626	1
5627	3
5628	0
5629	0
5630	0
5631	3
5632	0
5633	0
5634	2
5635	2
5636	1
5637	3
5638	2
5639	0
5640	2
5641	2
5642	0
5643	4
5644	2
5645	1
5646	2
5647	2
5648	2
5649	1
5650	3
5651	3
5652	3
5653	3
5654	1
5655	1
5656	4
5657	1
5658	1
5659	4
5660	4
5661	5
5662	4
5663	1
5664	1
5665	1
5666	2
5667	0
5668	1
5669	4
5670	2
5671	3
5672	5
5673	2
5674	1
5675	2
5676	2
5677	4
5678	2
5679	3
5680	1
5681	1
5682	5
5683	2
5684	0
5685	1
5686	4
5687	0
5688	3
5689	5
5690	2
5691	4
5692	4
5693	4
5694	1
5695	1
5696	1
5697	2
5698	3
5699	0
5700	2
5701	1
5702	3
5703	1
5704	3
5705	3
5706	1
5707	3
5708	1
5709	1
5710	2
5711	1
5712	1
5713	4
5714	5
5715	3
5716	1
5717	1
5718	0
5719	3
5720	4
5721	2
5722	3
5723	1
5724	1
5725	2
5726	0
5727	3
5728	0
5729	2
5730	1
5731	1
5732	1
5733	2
5734	4
5735	2
5736	3
5737	2
5738	1
5739	5
5740	1
5741	0
5742	1
5743	0
5744	4
5745	3
5746	2
5747	4
5748	2
5749	2
5750	1
5751	2
5752	2
5753	2
5754	4
5755	1
5756	3
5757	1
5758	0
5759	3
5760	4
5761	2
5762	3
5763	1
5764	4
5765	0
5766	3
5767	2
5768	2
5769	1
5770	2
5771	3
5772	0
5773	2
5774	4
5775	1
5776	1
5777	1
5778	2
5779	5
5780	0
5781	4
5782	3
5783	1
5784	2
5785	0
5786	1
5787	1
5788	3
5789	3
5790	2
5791	2
5792	2
5793	0
5794	4
5795	2
5796	2
5797	2
5798	3
5799	6
5800	4
5801	3
5802	4
5803	4
5804	1
5805	2
5806	0
5807	0
5808	1
5809	1
5810	2
5811	3
5812	2
5813	2
5814	1
5815	2
5816	4
5817	1
5818	2
5819	1
5820	1
5821	0
5822	3
5823	3
5824	2
5825	1
5826	3
5827	0
5828	1
5829	2
5830	0
5831	4
5832	2
5833	2
5834	4
5835	1
5836	1
5837	6
5838	2
5839	3
5840	2
5841	3
5842	3
5843	0
5844	3
5845	3
5846	0
5847	3
5848	1
5849	0
5850	2
5851	1
5852	3
5853	3
5854	4
5855	2
5856	3
5857	1
5858	4
5859	2
5860	2
5861	0
5862	1
5863	3
5864	3
5865	3
5866	4
5867	1
5868	2
5869	3
5870	2
5871	0
5872	3
5873	2
5874	3
5875	2
5876	4
5877	1
5878	0
5879	3
5880	2
5881	3
5882	3
5883	0
5884	3
5885	2
5886	2
5887	3
5888	4
5889	0
5890	3
5891	3
5892	2
5893	1
5894	1
5895	4
5896	1
5897	6
5898	3
5899	1
5900	1
5901	2
5902	2
5903	3
5904	1
5905	2
5906	4
5907	1
5908	2
5909	0
5910	1
5911	1
5912	1
5913	4
5914	3
5915	1
5916	1
5917	3
5918	0
5919	2
5920	3
5921	1
5922	4
5923	1
5924	6
5925	1
5926	3
5927	1
5928	3
5929	5
5930	3
5931	1
5932	0
5933	6
5934	0
5935	1
5936	3
5937	1
5938	4
5939	1
5940	1
5941	3
5942	2
5943	2
5944	1
5945	2
5946	1
5947	0
5948	0
5949	2
5950	3
5951	3
5952	3
5953	1
5954	1
5955	1
5956	1
5957	2
5958	3
5959	1
5960	1
5961	1
5962	0
5963	4
5964	5
5965	2
5966	4
5967	1
5968	1
5969	4
5970	0
5971	3
5972	1
5973	1
5974	6
5975	1
5976	4
5977	2
5978	3
5979	3
5980	1
5981	1
5982	2
5983	1
5984	4
5985	2
5986	1
5987	2
5988	5
5989	2
5990	4
5991	2
5992	0
5993	2
5994	2
5995	1
5996	1
5997	2
5998	1
5999	1
6000	2
6001	2
6002	3
6003	2
6004	4
6005	2
6006	0
6007	0
6008	3
6009	1
6010	2
6011	4
6012	1
6013	0
6014	2
6015	2
6016	1
6017	0
6018	3
6019	0
6020	0
6021	4
6022	4
6023	1
6024	1
6025	2
6026	3
6027	5
6028	1
6029	2
6030	0
6031	3
6032	0
6033	2
6034	1
6035	2
6036	5
6037	1
6038	2
6039	3
6040	1
6041	1
6042	4
6043	1
6044	2
6045	3
6046	2
6047	4
6048	3
6049	2
6050	3
6051	3
6052	1
6053	1
6054	4
6055	2
6056	1
6057	1
6058	2
6059	1
6060	0
6061	3
6062	3
6063	2
6064	2
6065	1
6066	2
6067	1
6068	4
6069	2
6070	2
6071	1
6072	1
6073	4
6074	4
6075	2
6076	2
6077	0
6078	1
6079	4
6080	2
6081	1
6082	3
6083	2
6084	1
6085	2
6086	2
6087	2
6088	2
6089	0
6090	5
6091	3
6092	4
6093	1
6094	1
6095	4
6096	3
6097	2
6098	0
6099	1
6100	2
6101	0
6102	5
6103	1
6104	3
6105	1
6106	4
6107	3
6108	2
6109	1
6110	1
6111	0
6112	2
6113	2
6114	2
6115	0
6116	2
6117	4
6118	2
6119	1
6120	1
6121	2
6122	0
6123	2
6124	1
6125	1
6126	3
6127	2
6128	0
6129	3
6130	2
6131	5
6132	1
6133	1
6134	2
6135	1
6136	3
6137	0
6138	0
6139	2
6140	3
6141	2
6142	0
6143	1
6144	1
6145	0
6146	2
6147	2
6148	0
6149	2
6150	1
6151	2
6152	1
6153	4
6154	1
6155	1
6156	2
6157	1
6158	2
6159	2
6160	5
6161	0
6162	2
6163	4
6164	0
6165	2
6166	1
6167	2
6168	1
6169	0
6170	3
6171	1
6172	0
6173	4
6174	0
6175	3
6176	1
6177	3
6178	2
6179	0
6180	3
6181	1
6182	1
6183	2
6184	0
6185	5
6186	1
6187	1
6188	3
6189	1
6190	1
6191	1
6192	0
6193	2
6194	2
6195	1
6196	1
6197	1
6198	1
6199	2
6200	1
6201	2
6202	1
6203	2
6204	1
6205	3
6206	1
6207	4
6208	3
6209	1
6210	4
6211	2
6212	3
6213	5
6214	2
6215	0
6216	1
6217	0
6218	1
6219	3
6220	3
6221	4
6222	3
6223	1
6224	2
6225	5
6226	2
6227	0
6228	2
6229	0
6230	2
6231	0
6232	0
6233	1
6234	1
6235	1
6236	0
6237	1
6238	4
6239	2
6240	3
6241	2
6242	3
6243	1
6244	0
6245	3
6246	0
6247	1
6248	3
6249	0
6250	3
6251	1
6252	0
6253	0
6254	2
6255	3
6256	2
6257	1
6258	3
6259	0
6260	2
6261	2
6262	1
6263	4
6264	2
6265	1
6266	1
6267	4
6268	1
6269	2
6270	4
6271	0
6272	1
6273	1
6274	4
6275	0
6276	1
6277	1
6278	2
6279	3
6280	0
6281	2
6282	2
6283	1
6284	2
6285	4
6286	6
6287	2
6288	2
6289	0
6290	2
6291	2
6292	4
6293	0
6294	1
6295	1
6296	2
6297	1
6298	4
6299	4
6300	2
6301	3
6302	2
6303	2
6304	3
6305	5
6306	1
6307	1
6308	0
6309	1
6310	1
6311	0
6312	4
6313	1
6314	1
6315	0
6316	0
6317	1
6318	1
6319	2
6320	2
6321	2
6322	3
6323	4
6324	1
6325	3
6326	0
6327	1
6328	1
6329	5
6330	3
6331	1
6332	0
6333	2
6334	2
6335	0
6336	0
6337	4
6338	0
6339	3
6340	1
6341	0
6342	4
6343	4
6344	1
6345	2
6346	0
6347	0
6348	2
6349	2
6350	1
6351	4
6352	0
6353	1
6354	0
6355	3
6356	2
6357	3
6358	1
6359	1
6360	1
6361	0
6362	1
6363	1
6364	5
6365	2
6366	3
6367	1
6368	3
6369	3
6370	3
6371	1
6372	1
6373	3
6374	2
6375	4
6376	3
6377	0
6378	1
6379	1
6380	3
6381	2
6382	3
6383	3
6384	0
6385	1
6386	0
6387	0
6388	1
6389	2
6390	2
6391	1
6392	1
6393	1
6394	1
6395	2
6396	1
6397	3
6398	3
6399	1
6400	0
6401	1
6402	4
6403	1
6404	2
6405	4
6406	1
6407	1
6408	1
6409	2
6410	1
6411	2
6412	0
6413	4
6414	2
6415	1
6416	2
6417	1
6418	2
6419	3
6420	2
6421	1
6422	3
6423	0
6424	2
6425	1
6426	2
6427	0
6428	0
6429	1
6430	2
6431	1
6432	3
6433	2
6434	3
6435	3
6436	1
6437	1
6438	0
6439	1
6440	2
6441	2
6442	2
6443	0
6444	1
6445	3
6446	0
6447	1
6448	1
6449	0
6450	2
6451	1
6452	2
6453	1
6454	4
6455	0
6456	3
6457	1
6458	1
6459	1
6460	1
6461	1
6462	3
6463	0
6464	4
6465	2
6466	1
6467	4
6468	2
6469	3
6470	0
6471	2
6472	1
6473	0
6474	0
6475	2
6476	3
6477	0
6478	1
6479	2
6480	1
6481	0
6482	2
6483	4
6484	4
6485	2
6486	1
6487	1
6488	0
6489	1
6490	3
6491	1
6492	0
6493	1
6494	6
6495	0
6496	2
6497	0
6498	1
6499	3
6500	4
6501	2
6502	3
6503	2
6504	1
6505	1
6506	2
6507	3
6508	0
6509	0
6510	3
6511	2
6512	1
6513	4
6514	3
6515	2
6516	3
6517	2
6518	0
6519	0
6520	3
6521	1
6522	2
6523	0
6524	4
6525	1
6526	0
6527	1
6528	2
6529	3
6530	3
6531	1
6532	0
6533	0
6534	2
6535	3
6536	0
6537	1
6538	1
6539	2
6540	0
6541	3
6542	2
6543	2
6544	1
6545	1
6546	1
6547	2
6548	2
6549	1
6550	1
6551	1
6552	0
6553	1
6554	1
6555	1
6556	1
6557	1
6558	1
6559	4
6560	2
6561	1
6562	1
6563	6
6564	1
6565	0
6566	3
6567	2
6568	1
6569	4
6570	0
6571	0
6572	5
6573	0
6574	1
6575	2
6576	1
6577	0
6578	1
6579	1
6580	2
6581	3
6582	0
6583	0
6584	1
6585	0
6586	2
6587	0
6588	1
6589	3
6590	0
6591	3
6592	1
6593	3
6594	6
6595	5
6596	0
6597	1
6598	0
6599	2
6600	1
6601	1
6602	1
6603	1
6604	2
6605	2
6606	1
6607	2
6608	0
6609	1
6610	1
6611	2
6612	2
6613	0
6614	3
6615	4
6616	2
6617	1
6618	4
6619	2
6620	2
6621	2
6622	2
6623	1
6624	1
6625	0
6626	4
6627	2
6628	5
6629	2
6630	3
6631	1
6632	2
6633	1
6634	2
6635	1
6636	0
6637	2
6638	1
6639	1
6640	0
6641	1
6642	3
6643	2
6644	1
6645	3
6646	1
6647	3
6648	1
6649	0
6650	1
6651	1
6652	2
6653	2
6654	1
6655	3
6656	0
6657	1
6658	0
6659	0
6660	2
6661	3
6662	1
6663	5
6664	0
6665	2
6666	0
6667	1
6668	2
6669	4
6670	0
6671	3
6672	1
6673	0
6674	1
6675	0
6676	0
6677	2
6678	2
6679	0
6680	2
6681	1
6682	2
6683	1
6684	3
6685	6
6686	2
6687	0
6688	0
6689	1
6690	3
6691	0
6692	0
6693	1
6694	0
6695	2
6696	1
6697	3
6698	1
6699	0
6700	2
6701	1
6702	0
6703	2
6704	2
6705	1
6706	2
6707	1
6708	2
6709	0
6710	2
6711	4
6712	0
6713	1
6714	0
6715	5
6716	3
6717	0
6718	2
6719	4
6720	2
6721	3
6722	3
6723	1
6724	1
6725	6
6726	0
6727	2
6728	1
6729	2
6730	1
6731	1
6732	2
6733	0
6734	1
6735	3
6736	3
6737	3
6738	2
6739	0
6740	0
6741	1
6742	0
6743	0
6744	0
6745	3
6746	1
6747	0
6748	2
6749	1
6750	3
6751	2
6752	0
6753	1
6754	1
6755	0
6756	1
6757	3
6758	2
6759	2
6760	1
6761	3
6762	2
6763	0
6764	1
6765	1
6766	2
6767	2
6768	1
6769	1
6770	4
6771	2
6772	4
6773	2
6774	3
6775	3
6776	0
6777	1
6778	1
6779	3
6780	2
6781	3
6782	1
6783	2
6784	0
6785	1
6786	1
6787	1
6788	1
6789	2
6790	0
6791	1
6792	0
6793	2
6794	2
6795	2
6796	2
6797	1
6798	2
6799	3
6800	2
6801	4
6802	1
6803	1
6804	1
6805	2
6806	0
6807	1
6808	0
6809	2
6810	2
6811	1
6812	3
6813	2
6814	0
6815	0
6816	2
6817	1
6818	0
6819	2
6820	1
6821	0
6822	2
6823	1
6824	2
6825	1
6826	1
6827	1
6828	1
6829	2
6830	2
6831	2
6832	4
6833	0
6834	1
6835	1
6836	1
6837	1
6838	1
6839	0
6840	1
6841	1
6842	4
6843	4
6844	2
6845	0
6846	2
6847	2
6848	0
6849	1
6850	0
6851	1
6852	3
6853	0
6854	1
6855	2
6856	1
6857	1
6858	0
6859	4
6860	2
6861	2
6862	3
6863	2
6864	3
6865	3
6866	2
6867	1
6868	2
6869	2
6870	2
6871	2
6872	3
6873	1
6874	0
6875	1
6876	1
6877	2
6878	1
6879	1
6880	0
6881	1
6882	2
6883	0
6884	0
6885	0
6886	2
6887	0
6888	1
6889	1
6890	2
6891	4
6892	2
6893	1
6894	0
6895	0
6896	2
6897	1
6898	1
6899	1
6900	1
6901	2
6902	0
6903	2
6904	1
6905	0
6906	0
6907	1
6908	6
6909	0
6910	2
6911	3
6912	0
6913	1
6914	3
6915	1
6916	4
6917	0
6918	0
6919	0
6920	1
6921	2
6922	1
6923	2
6924	2
6925	2
6926	1
6927	1
6928	4
6929	2
6930	1
6931	1
6932	1
6933	0
6934	0
6935	2
6936	0
6937	0
6938	1
6939	2
6940	0
6941	1
6942	3
6943	0
6944	1
6945	1
6946	2
6947	2
6948	0
6949	1
6950	1
6951	1
6952	1
6953	0
6954	2
6955	0
6956	1
6957	1
6958	3
6959	3
6960	0
6961	2
6962	1
6963	3
6964	1
6965	2
6966	0
6967	4
6968	0
6969	0
6970	2
6971	3
6972	1
6973	0
6974	2
6975	0
6976	0
6977	2
6978	2
6979	1
6980	0
6981	4
6982	0
6983	2
6984	1
6985	1
6986	4
6987	0
6988	3
6989	0
6990	0
6991	2
6992	1
6993	2
6994	3
6995	1
6996	3
6997	2
6998	1
6999	1
7000	3
7001	1
7002	4
7003	2
7004	1
7005	1
7006	0
7007	0
7008	0
7009	0
7010	1
7011	1
7012	0
7013	0
7014	0
7015	1
7016	2
7017	2
7018	1
7019	2
7020	1
7021	1
7022	1
7023	2
7024	0
7025	1
7026	0
7027	0
7028	1
7029	0
7030	0
7031	1
7032	1
7033	0
7034	1
7035	0
7036	4
7037	2
7038	0
7039	2
7040	2
7041	1
7042	1
7043	1
7044	0
7045	3
7046	1
7047	3
7048	2
7049	2
7050	2
7051	0
7052	3
7053	1
7054	2
7055	3
7056	0
7057	2
7058	0
7059	0
7060	1
7061	1
7062	1
7063	0
7064	0
7065	0
7066	1
7067	2
7068	1
7069	0
7070	0
7071	1
7072	3
7073	1
7074	0
7075	2
7076	1
7077	3
7078	3
7079	0
7080	0
7081	1
7082	2
7083	1
7084	1
7085	1
7086	2
7087	1
7088	2
7089	2
7090	0
7091	1
7092	4
7093	1
7094	1
7095	2
7096	1
7097	1
7098	0
7099	1
7100	1
7101	1
7102	5
7103	1
7104	1
7105	0
7106	4
7107	0
7108	1
7109	2
7110	1
7111	4
7112	3
7113	0
7114	3
7115	1
7116	1
7117	0
7118	1
7119	1
7120	2
7121	2
7122	0
7123	0
7124	1
7125	2
7126	0
7127	2
7128	0
7129	2
7130	2
7131	1
7132	1
7133	0
7134	0
7135	1
7136	2
7137	0
7138	2
7139	0
7140	1
7141	0
7142	2
7143	0
7144	0
7145	1
7146	0
7147	1
7148	0
7149	0
7150	2
7151	4
7152	0
7153	2
7154	1
7155	2
7156	1
7157	1
7158	2
7159	3
7160	4
7161	0
7162	0
7163	3
7164	1
7165	1
7166	3
7167	0
7168	2
7169	0
7170	0
7171	1
7172	4
7173	2
7174	0
7175	3
7176	0
7177	1
7178	0
7179	1
7180	2
7181	2
7182	3
7183	2
7184	0
7185	2
7186	1
7187	0
7188	0
7189	3
7190	0
7191	1
7192	1
7193	1
7194	1
7195	0
7196	0
7197	1
7198	2
7199	0
7200	1
7201	0
7202	1
7203	0
7204	1
7205	1
7206	1
7207	0
7208	0
7209	0
7210	0
7211	2
7212	2
7213	5
7214	0
7215	1
7216	1
7217	1
7218	1
7219	1
7220	0
7221	1
7222	2
7223	0
7224	3
7225	0
7226	1
7227	1
7228	3
7229	1
7230	0
7231	1
7232	1
7233	2
7234	2
7235	0
7236	1
7237	1
7238	0
7239	0
7240	2
7241	2
7242	0
7243	2
7244	2
7245	1
7246	2
7247	2
7248	0
7249	3
7250	1
7251	0
7252	3
7253	2
7254	0
7255	0
7256	1
7257	2
7258	4
7259	0
7260	4
7261	1
7262	1
7263	1
7264	0
7265	1
7266	2
7267	1
7268	2
7269	2
7270	0
7271	1
7272	2
7273	0
7274	3
7275	2
7276	0
7277	2
7278	1
7279	0
7280	2
7281	1
7282	1
7283	2
7284	1
7285	0
7286	0
7287	1
7288	0
7289	0
7290	2
7291	3
7292	3
7293	0
7294	1
7295	1
7296	0
7297	2
7298	0
7299	0
7300	0
7301	2
7302	0
7303	1
7304	0
7305	1
7306	0
7307	1
7308	2
7309	3
7310	1
7311	1
7312	2
7313	1
7314	0
7315	3
7316	1
7317	2
7318	2
7319	1
7320	1
7321	1
7322	1
7323	0
7324	2
7325	1
7326	1
7327	2
7328	1
7329	2
7330	3
7331	1
7332	2
7333	1
7334	2
7335	0
7336	2
7337	1
7338	1
7339	1
7340	2
7341	4
7342	3
7343	5
7344	0
7345	0
7346	0
7347	2
7348	1
7349	0
7350	2
7351	1
7352	1
7353	0
7354	0
7355	2
7356	0
7357	1
7358	0
7359	1
7360	1
7361	0
7362	3
7363	1
7364	2
7365	1
7366	1
7367	0
7368	1
7369	1
7370	2
7371	0
7372	0
7373	1
7374	0
7375	1
7376	1
7377	1
7378	0
7379	0
7380	0
7381	0
7382	0
7383	2
7384	2
7385	2
7386	1
7387	1
7388	2
7389	1
7390	1
7391	2
7392	0
7393	0
7394	0
7395	1
7396	1
7397	1
7398	1
7399	0
7400	2
7401	1
7402	0
7403	0
7404	0
7405	2
7406	1
7407	0
7408	0
7409	1
7410	0
7411	0
7412	0
7413	0
7414	1
7415	1
7416	2
7417	1
7418	1
7419	1
7420	2
7421	1
7422	2
7423	0
7424	0
7425	2
7426	0
7427	2
7428	1
7429	0
7430	2
7431	3
7432	3
7433	1
7434	0
7435	0
7436	2
7437	0
7438	2
7439	1
7440	0
7441	1
7442	0
7443	0
7444	2
7445	1
7446	0
7447	1
7448	0
7449	0
7450	0
7451	0
7452	2
7453	0
7454	0
7455	0
7456	2
7457	0
7458	0
7459	2
7460	0
7461	0
7462	0
7463	0
7464	0
7465	1
7466	0
7467	0
7468	1
7469	1
7470	1
7471	0
7472	0
7473	0
7474	0
7475	1
7476	0
7477	0
7478	0
7479	0
7480	0
7481	0
7482	0
7483	0
7484	0
7485	0
7486	0
7487	0
7488	0
7489	0
7490	0
7491	0
7492	0
7493	0
7494	1
7495	1
7496	0
7497	0
7498	0
7499	0
7500	0
7501	0
7502	0
7503	0
7504	0
7505	0
7506	0
7507	0
7508	0
7509	0
7510	0
7511	0
7512	0
7513	0
7514	0
7515	0
7516	0
7517	0
7518	0
7519	0
7520	0
7521	0
7522	0
7523	0
7524	0
7525	0
7526	0
7527	0
7528	0
7529	0
7530	0
7531	0
7532	0
7533	0
7534	0
7535	0
7536	0
7537	0
7538	0
7539	0
7540	0
7541	0
7542	0
7543	0
7544	0
7545	0
7546	0
7547	0
7548	0
7549	0
7550	0
7551	0
7552	0
7553	0
7554	0
7555	0
7556	0
7557	0
7558	0
7559	0
7560	0
7561	0
7562	0
7563	0
7564	0
7565	0
7566	0
7567	0
7568	0
7569	0
7570	0
7571	0
7572	0
7573	0
7574	0
7575	0
7576	0
7577	0
7578	0
7579	0
7580	0
7581	0
7582	0
7583	0
7584	0
7585	0
7586	0
7587	0
7588	0
7589	0
7590	0
7591	0
7592	0
7593	0
7594	0
7595	0
7596	0
7597	0
7598	0
7599	0
7600	0
7601	0
7602	0
7603	0
7604	0
7605	0
7606	0
7607	0
7608	0
7609	0
7610	0
7611	0
7612	0
7613	0
7614	0
7615	0
7616	0
7617	0
7618	0
7619	0
7620	0
7621	0
7622	0
7623	0
7624	0
7625	0
7626	0
7627	0
7628	0
7629	0
7630	0
7631	0
7632	0
7633	0
7634	0
7635	0
7636	0
7637	0
7638	0
7639	0
7640	0
7641	0
7642	0
7643	0
7644	0
7645	0
7646	0
7647	0
7648	0
7649	0
7650	0
7651	0
7652	0
7653	0
7654	0
7655	0
7656	0
7657	0
7658	0
7659	0
7660	0
7661	0
7662	0
7663	0
7664	0
7665	0
7666	0
7667	0
7668	0
7669	0
7670	0
7671	0
7672	0
7673	0
7674	0
7675	0
7676	0
7677	0
7678	0
7679	0
7680	0
7681	0
7682	0
7683	0
7684	0
7685	0
7686	0
7687	0
7688	0
7689	0
7690	0
7691	0
7692	0
7693	0
7694	0
7695	0
7696	0
7697	0
7698	0
7699	0
7700	0
7701	0
7702	0
7703	0
7704	0
7705	0
7706	0
7707	0
7708	0
7709	0
7710	0
7711	0
7712	0
7713	0
7714	0
7715	0
7716	0
7717	0
7718	0
7719	0
7720	0
7721	0
7722	0
7723	0
7724	0
7725	0
7726	0
7727	0
7728	0
7729	0
7730	0
7731	0
7732	0
7733	0
7734	0
7735	0
7736	0
7737	0
7738	0
7739	0
7740	0
7741	0
7742	0
7743	0
7744	0
7745	0
7746	0
7747	0
7748	0
7749	0
7750	0
7751	0
7752	0
7753	0
7754	0
7755	0
7756	0
7757	0
7758	0
7759	0
7760	0
7761	0
7762	0
7763	0
7764	0
7765	0
7766	0
7767	0
7768	0
7769	0
7770	0
7771	0
7772	0
7773	0
7774	0
7775	0
7776	0
7777	0
7778	0
7779	0
7780	0
7781	0
7782	0
7783	0
7784	0
7785	0
7786	0
7787	0
7788	0
7789	0
7790	0
7791	0
7792	0
7793	0
7794	0
7795	0
7796	0
7797	0
7798	0
7799	0
7800	0
7801	0
7802	0
7803	0
7804	0
7805	0
7806	0
7807	0
7808	0
7809	0
7810	0
7811	0
7812	0
7813	0
7814	0
7815	0
7816	0
7817	0
7818	0
7819	0
7820	0
7821	0
7822	0
7823	0
7824	0
7825	0
7826	0
7827	0
7828	0
7829	0
7830	0
7831	0
7832	0
7833	0
7834	0
7835	0
7836	0
7837	0
7838	0
7839	0
7840	0
7841	0
7842	0
7843	0
7844	0
7845	0
7846	0
7847	0
7848	0
7849	0
7850	0
7851	0
7852	0
7853	0
7854	0
7855	0
7856	0
7857	0
7858	0
7859	0
7860	0
7861	0
7862	0
7863	0
7864	0
7865	0
7866	0
7867	0
7868	0
7869	0
7870	0
7871	0
7872	0
7873	0
7874	0
7875	0
7876	0
7877	0
7878	0
7879	0
7880	0
7881	0
7882	0
7883	0
7884	0
7885	0
7886	0
7887	0
7888	0
7889	0
7890	0
7891	0
7892	0
7893	0
7894	0
7895	0
7896	0
7897	0
7898	0
7899	0
7900	0
7901	0
7902	0
7903	0
7904	0
7905	0
7906	0
7907	0
7908	0
7909	0
7910	0
7911	0
7912	0
7913	0
7914	0
7915	0
7916	0
7917	0
7918	0
7919	0
7920	0
7921	0
7922	0
7923	0
7924	0
7925	0
7926	0
7927	0
7928	0
7929	0
7930	0
7931	0
7932	0
7933	0
7934	0
7935	0
7936	0
7937	0
7938	0
7939	0
7940	0
7941	0
7942	0
7943	0
7944	0
7945	0
7946	0
7947	0
7948	0
7949	0
7950	0
7951	0
7952	0
7953	0
7954	0
7955	0
7956	0
7957	0
7958	0
7959	0
7960	0
7961	0
7962	0
7963	0
7964	0
7965	0
7966	0
7967	0
7968	0
7969	0
7970	0
7971	0
7972	0
7973	0
7974	0
7975	0
7976	0
7977	0
7978	0
7979	0
7980	0
7981	0
7982	0
7983	0
7984	0
7985	0
7986	0
7987	0
7988	0
7989	0
7990	0
7991	0
7992	0
7993	0
7994	0
7995	0
7996	0
7997	0
7998	0
7999	0
8000	0
8001	0
8002	0
8003	0
8004	0
8005	0
8006	0
8007	0
8008	0
8009	0
8010	0
8011	0
8012	0
8013	0
8014	0
8015	0
8016	0
8017	0
8018	0
8019	0
8020	0
8021	0
8022	0
8023	0
8024	0
8025	0
8026	0
8027	0
8028	0
8029	0
8030	0
8031	0
8032	0
8033	0
8034	0
8035	0
8036	0
8037	0
8038	0
8039	0
8040	0
8041	0
8042	0
8043	0
8044	0
8045	0
8046	0
8047	0
8048	0
8049	0
8050	0
8051	0
8052	0
8053	0
8054	0
8055	0
8056	0
8057	0
8058	0
8059	0
8060	0
8061	0
8062	0
8063	0
8064	0
8065	0
8066	0
8067	0
8068	0
8069	0
8070	0
8071	0
8072	0
8073	0
8074	0
8075	0
8076	0
8077	0
8078	0
8079	0
8080	0
8081	0
8082	0
8083	0
8084	0
8085	0
8086	0
8087	0
8088	0
8089	0
8090	0
8091	0
8092	0
8093	0
8094	0
8095	0
8096	0
8097	0
8098	0
8099	0
8100	0
8101	0
8102	0
8103	0
8104	0
8105	0
8106	0
8107	0
8108	0
8109	0
8110	0
8111	0
8112	0
8113	0
8114	0
8115	0
8116	0
8117	0
8118	0
8119	0
8120	0
8121	0
8122	0
8123	0
8124	0
8125	0
8126	0
8127	0
8128	0
8129	0
8130	0
8131	0
8132	0
8133	0
8134	0
8135	0
8136	0
8137	0
8138	0
8139	0
8140	0
8141	0
8142	0
8143	0
8144	0
8145	0
8146	0
8147	0
8148	0
8149	0
8150	0
8151	0
8152	0
8153	0
8154	0
8155	0
8156	0
8157	0
8158	0
8159	0
8160	0
8161	0
8162	0
8163	0
8164	0
8165	0
8166	0
8167	0
8168	0
8169	0
8170	0
8171	0
8172	0
8173	0
8174	0
8175	0
8176	0
8177	0
8178	0
8179	0
8180	0
8181	0
8182	0
8183	0
8184	0
8185	0
8186	0
8187	0
8188	0
8189	0
8190	0
8191	0
