0	0
1	0
2	0
3	0
4	0
5	0
6	0
7	0
8	0
9	0
10	0
11	0
12	0
13	0
14	0
15	0
16	0
17	0
18	0
19	0
20	0
21	0
22	0
23	0
24	0
25	0
26	0
27	0
28	0
29	0
30	0
31	1
32	0
33	0
34	0
35	0
36	0
37	0
38	0
39	0
40	0
41	0
42	0
43	1
44	0
45	0
46	0
47	0
48	2
49	2
50	0
51	2
52	1
53	1
54	2
55	0
56	1
57	1
58	0
59	1
60	1
61	2
62	2
63	0
64	1
65	2
66	2
67	2
68	2
69	3
70	1
71	0
72	2
73	1
74	2
75	1
76	2
77	2
78	2
79	1
80	1
81	2
82	1
83	0
84	3
85	0
86	1
87	1
88	4
89	1
90	2
91	0
92	1
93	0
94	1
95	4
96	0
97	1
98	2
99	1
100	1
101	3
102	1
103	3
104	0
105	1
106	0
107	3
108	1
109	1
110	1
111	2
112	5
113	4
114	3
115	1
116	1
117	1
118	1
119	2
120	1
121	3
122	1
123	5
124	1
125	2
126	2
127	2
128	1
129	0
130	2
131	2
132	3
133	0
134	2
135	4
136	2
137	2
138	3
139	4
140	2
141	2
142	3
143	3
144	2
145	2
146	1
147	4
148	1
149	4
150	3
151	2
152	1
153	5
154	1
155	3
156	3
157	4
158	3
159	1
160	3
161	4
162	1
163	2
164	2
165	1
166	4
167	4
168	1
169	2
170	4
171	3
172	2
173	1
174	2
175	1
176	3
177	11
178	23
179	11
180	23
181	26
182	10
183	15
184	22
185	21
186	22
187	24
188	18
189	24
190	17
191	18
192	20
193	21
194	20
195	17
196	18
197	12
198	21
199	23
200	21
201	20
202	22
203	15
204	19
205	15
206	13
207	11
208	10
209	17
210	9
211	15
212	11
213	10
214	18
215	17
216	19
217	15
218	15
219	17
220	11
221	18
222	9
223	12
224	16
225	12
226	12
227	18
228	12
229	12
230	11
231	12
232	18
233	14
234	17
235	5
236	10
237	12
238	17
239	14
240	13
241	16
242	10
243	17
244	13
245	14
246	12
247	9
248	17
249	14
250	16
251	10
252	21
253	12
254	21
255	14
256	13
257	8
258	14
259	17
260	13
261	14
262	11
263	13
264	10
265	15
266	16
267	17
268	18
269	16
270	16
271	11
272	20
273	24
274	11
275	23
276	16
277	20
278	19
279	21
280	14
281	23
282	15
283	16
284	16
285	21
286	17
287	23
288	20
289	26
290	21
291	20
292	25
293	26
294	30
295	27
296	30
297	25
298	23
299	23
300	19
301	30
302	21
303	20
304	25
305	28
306	27
307	19
308	34
309	20
310	20
311	19
312	30
313	28
314	26
315	30
316	20
317	28
318	36
319	21
320	23
321	29
322	26
323	25
324	22
325	18
326	34
327	29
328	27
329	27
330	22
331	28
332	32
333	32
334	21
335	15
336	20
337	20
338	18
339	19
340	22
341	21
342	23
343	27
344	24
345	23
346	24
347	27
348	29
349	17
350	22
351	20
352	18
353	21
354	20
355	22
356	26
357	20
358	35
359	20
360	17
361	22
362	26
363	20
364	17
365	20
366	15
367	20
368	26
369	24
370	22
371	24
372	33
373	16
374	18
375	26
376	28
377	26
378	21
379	23
380	22
381	30
382	26
383	16
384	25
385	38
386	18
387	31
388	31
389	25
390	20
391	26
392	20
393	32
394	25
395	31
396	33
397	22
398	36
399	37
400	33
401	24
402	30
403	26
404	25
405	25
406	31
407	39
408	40
409	27
410	29
411	29
412	37
413	34
414	33
415	25
416	41
417	31
418	36
419	35
420	33
421	39
422	40
423	34
424	33
425	39
426	48
427	36
428	44
429	30
430	31
431	36
432	44
433	42
434	39
435	30
436	41
437	49
438	48
439	42
440	50
441	51
442	47
443	34
444	34
445	40
446	37
447	38
448	46
449	40
450	47
451	40
452	44
453	39
454	38
455	44
456	56
457	48
458	48
459	50
460	34
461	43
462	64
463	42
464	48
465	59
466	43
467	48
468	44
469	45
470	53
471	50
472	52
473	51
474	48
475	45
476	62
477	49
478	47
479	48
480	62
481	54
482	50
483	57
484	50
485	37
486	51
487	51
488	49
489	48
490	46
491	59
492	48
493	53
494	46
495	62
496	64
497	49
498	36
499	52
500	44
501	57
502	49
503	55
504	65
505	46
506	49
507	61
508	47
509	40
510	48
511	55
512	44
513	41
514	64
515	56
516	64
517	41
518	52
519	40
520	47
521	67
522	54
523	59
524	51
525	50
526	43
527	62
528	53
529	49
530	49
531	49
532	49
533	60
534	56
535	51
536	40
537	47
538	54
539	54
540	52
541	51
542	51
543	56
544	59
545	57
546	49
547	49
548	43
549	48
550	45
551	41
552	56
553	63
554	54
555	63
556	50
557	43
558	49
559	45
560	40
561	54
562	52
563	45
564	52
565	64
566	43
567	44
568	42
569	34
570	44
571	54
572	52
573	49
574	59
575	53
576	59
577	54
578	51
579	52
580	59
581	38
582	58
583	66
584	54
585	75
586	51
587	53
588	51
589	57
590	45
591	43
592	51
593	57
594	54
595	66
596	56
597	64
598	40
599	54
600	52
601	51
602	46
603	69
604	47
605	45
606	49
607	63
608	50
609	53
610	52
611	50
612	55
613	59
614	56
615	59
616	45
617	54
618	52
619	46
620	48
621	48
622	48
623	42
624	58
625	45
626	54
627	47
628	53
629	46
630	46
631	55
632	43
633	49
634	52
635	61
636	57
637	56
638	68
639	44
640	52
641	46
642	58
643	58
644	60
645	52
646	53
647	54
648	62
649	49
650	46
651	55
652	61
653	47
654	57
655	45
656	49
657	46
658	56
659	51
660	50
661	49
662	53
663	54
664	55
665	43
666	53
667	55
668	58
669	60
670	56
671	53
672	62
673	57
674	51
675	67
676	50
677	51
678	47
679	70
680	54
681	48
682	40
683	59
684	51
685	55
686	67
687	53
688	56
689	60
690	42
691	65
692	36
693	59
694	60
695	56
696	45
697	47
698	52
699	55
700	48
701	58
702	55
703	49
704	51
705	55
706	59
707	58
708	59
709	61
710	56
711	53
712	36
713	47
714	54
715	58
716	58
717	55
718	57
719	54
720	45
721	53
722	52
723	64
724	48
725	63
726	49
727	59
728	60
729	47
730	54
731	55
732	63
733	61
734	57
735	63
736	62
737	56
738	55
739	66
740	62
741	54
742	57
743	50
744	54
745	49
746	59
747	66
748	62
749	58
750	61
751	40
752	44
753	52
754	58
755	52
756	46
757	63
758	53
759	61
760	64
761	50
762	54
763	63
764	58
765	50
766	48
767	52
768	54
769	54
770	56
771	50
772	62
773	48
774	58
775	57
776	56
777	44
778	66
779	48
780	52
781	50
782	53
783	50
784	53
785	45
786	48
787	48
788	64
789	49
790	73
791	61
792	72
793	60
794	51
795	48
796	58
797	56
798	45
799	55
800	67
801	66
802	57
803	43
804	50
805	62
806	64
807	54
808	62
809	50
810	59
811	60
812	76
813	51
814	58
815	56
816	56
817	58
818	63
819	66
820	67
821	57
822	52
823	52
824	59
825	64
826	55
827	52
828	59
829	67
830	55
831	52
832	62
833	68
834	67
835	72
836	53
837	59
838	54
839	71
840	56
841	64
842	51
843	69
844	59
845	63
846	65
847	54
848	73
849	68
850	63
851	52
852	84
853	65
854	61
855	59
856	66
857	64
858	65
859	65
860	78
861	72
862	68
863	53
864	69
865	72
866	76
867	79
868	64
869	92
870	73
871	74
872	75
873	69
874	59
875	72
876	61
877	73
878	69
879	76
880	58
881	71
882	84
883	66
884	69
885	83
886	75
887	76
888	75
889	62
890	70
891	81
892	78
893	81
894	73
895	81
896	58
897	72
898	64
899	67
900	80
901	78
902	65
903	81
904	72
905	80
906	79
907	93
908	64
909	77
910	81
911	69
912	92
913	75
914	75
915	63
916	82
917	85
918	88
919	70
920	94
921	85
922	71
923	74
924	82
925	70
926	82
927	69
928	68
929	72
930	81
931	79
932	81
933	79
934	71
935	61
936	71
937	70
938	74
939	85
940	79
941	77
942	78
943	83
944	82
945	64
946	106
947	72
948	88
949	92
950	93
951	65
952	80
953	88
954	84
955	94
956	73
957	77
958	80
959	65
960	87
961	86
962	79
963	67
964	83
965	75
966	70
967	76
968	86
969	71
970	78
971	67
972	80
973	73
974	65
975	72
976	92
977	74
978	65
979	71
980	71
981	58
982	73
983	59
984	83
985	63
986	66
987	67
988	79
989	81
990	48
991	61
992	74
993	68
994	62
995	66
996	67
997	68
998	56
999	52
1000	67
1001	70
1002	60
1003	63
1004	60
1005	68
1006	60
1007	67
1008	73
1009	59
1010	65
1011	58
1012	75
1013	64
1014	77
1015	65
1016	64
1017	63
1018	74
1019	63
1020	60
1021	70
1022	53
1023	43
1024	75
1025	70
1026	73
1027	63
1028	74
1029	62
1030	61
1031	54
1032	66
1033	70
1034	59
1035	63
1036	50
1037	74
1038	57
1039	73
1040	49
1041	54
1042	65
1043	57
1044	72
1045	56
1046	50
1047	69
1048	72
1049	45
1050	61
1051	48
1052	64
1053	65
1054	48
1055	65
1056	66
1057	66
1058	56
1059	77
1060	70
1061	65
1062	77
1063	56
1064	75
1065	67
1066	64
1067	62
1068	57
1069	46
1070	80
1071	72
1072	43
1073	52
1074	62
1075	65
1076	50
1077	70
1078	52
1079	74
1080	64
1081	76
1082	56
1083	65
1084	76
1085	69
1086	55
1087	62
1088	62
1089	69
1090	59
1091	54
1092	61
1093	55
1094	70
1095	67
1096	46
1097	62
1098	57
1099	55
1100	67
1101	69
1102	78
1103	58
1104	64
1105	53
1106	78
1107	80
1108	77
1109	71
1110	64
1111	78
1112	72
1113	74
1114	66
1115	80
1116	86
1117	78
1118	72
1119	75
1120	66
1121	81
1122	59
1123	71
1124	69
1125	81
1126	80
1127	82
1128	67
1129	76
1130	79
1131	97
1132	91
1133	89
1134	81
1135	82
1136	82
1137	64
1138	84
1139	82
1140	92
1141	67
1142	90
1143	86
1144	91
1145	76
1146	114
1147	78
1148	77
1149	79
1150	93
1151	80
1152	83
1153	75
1154	104
1155	98
1156	82
1157	109
1158	110
1159	113
1160	84
1161	88
1162	94
1163	90
1164	89
1165	108
1166	108
1167	101
1168	98
1169	104
1170	110
1171	100
1172	121
1173	115
1174	117
1175	130
1176	102
1177	119
1178	112
1179	121
1180	116
1181	101
1182	97
1183	116
1184	126
1185	113
1186	123
1187	128
1188	133
1189	119
1190	135
1191	133
1192	102
1193	122
1194	103
1195	124
1196	116
1197	134
1198	123
1199	129
1200	132
1201	154
1202	139
1203	114
1204	136
1205	152
1206	124
1207	140
1208	147
1209	152
1210	132
1211	126
1212	133
1213	152
1214	147
1215	147
1216	139
1217	162
1218	135
1219	145
1220	131
1221	156
1222	157
1223	162
1224	160
1225	142
1226	166
1227	168
1228	176
1229	160
1230	157
1231	157
1232	179
1233	163
1234	168
1235	151
1236	157
1237	164
1238	158
1239	140
1240	173
1241	180
1242	198
1243	160
1244	181
1245	182
1246	188
1247	180
1248	179
1249	170
1250	162
1251	183
1252	157
1253	175
1254	205
1255	196
1256	182
1257	195
1258	169
1259	194
1260	202
1261	186
1262	214
1263	202
1264	191
1265	204
1266	190
1267	203
1268	201
1269	206
1270	195
1271	204
1272	199
1273	222
1274	228
1275	214
1276	192
1277	218
1278	210
1279	208
1280	234
1281	210
1282	202
1283	207
1284	205
1285	221
1286	256
1287	206
1288	220
1289	235
1290	194
1291	226
1292	234
1293	209
1294	209
1295	219
1296	232
1297	221
1298	213
1299	260
1300	247
1301	220
1302	221
1303	223
1304	257
1305	234
1306	226
1307	236
1308	230
1309	269
1310	242
1311	225
1312	253
1313	244
1314	243
1315	254
1316	251
1317	244
1318	230
1319	272
1320	244
1321	256
1322	251
1323	259
1324	230
1325	256
1326	266
1327	256
1328	235
1329	259
1330	250
1331	245
1332	269
1333	292
1334	279
1335	271
1336	238
1337	255
1338	249
1339	253
1340	240
1341	242
1342	247
1343	284
1344	285
1345	265
1346	280
1347	246
1348	256
1349	262
1350	238
1351	281
1352	271
1353	258
1354	262
1355	265
1356	246
1357	284
1358	266
1359	271
1360	283
1361	248
1362	297
1363	299
1364	256
1365	275
1366	265
1367	277
1368	272
1369	278
1370	271
1371	285
1372	288
1373	238
1374	258
1375	271
1376	285
1377	275
1378	296
1379	269
1380	264
1381	281
1382	304
1383	247
1384	248
1385	298
1386	263
1387	267
1388	281
1389	286
1390	312
1391	287
1392	252
1393	286
1394	302
1395	280
1396	235
1397	257
1398	272
1399	277
1400	271
1401	267
1402	281
1403	257
1404	285
1405	266
1406	281
1407	289
1408	268
1409	268
1410	263
1411	230
1412	272
1413	274
1414	281
1415	236
1416	298
1417	256
1418	272
1419	284
1420	270
1421	313
1422	301
1423	275
1424	259
1425	285
1426	296
1427	254
1428	293
1429	243
1430	280
1431	274
1432	259
1433	261
1434	273
1435	297
1436	286
1437	277
1438	265
1439	262
1440	264
1441	266
1442	280
1443	252
1444	287
1445	245
1446	285
1447	232
1448	268
1449	253
1450	271
1451	286
1452	288
1453	269
1454	263
1455	286
1456	272
1457	265
1458	272
1459	268
1460	277
1461	304
1462	253
1463	251
1464	248
1465	290
1466	289
1467	255
1468	260
1469	265
1470	265
1471	262
1472	259
1473	255
1474	239
1475	251
1476	251
1477	265
1478	273
1479	284
1480	271
1481	276
1482	261
1483	249
1484	247
1485	228
1486	241
1487	272
1488	246
1489	266
1490	240
1491	277
1492	259
1493	291
1494	258
1495	259
1496	231
1497	284
1498	232
1499	245
1500	252
1501	251
1502	227
1503	261
1504	252
1505	245
1506	232
1507	249
1508	236
1509	267
1510	232
1511	231
1512	262
1513	234
1514	246
1515	253
1516	234
1517	250
1518	263
1519	237
1520	243
1521	225
1522	229
1523	281
1524	220
1525	255
1526	250
1527	211
1528	243
1529	245
1530	241
1531	240
1532	246
1533	245
1534	238
1535	249
1536	231
1537	248
1538	229
1539	243
1540	211
1541	231
1542	252
1543	235
1544	237
1545	226
1546	256
1547	257
1548	236
1549	239
1550	225
1551	232
1552	218
1553	236
1554	249
1555	280
1556	216
1557	227
1558	232
1559	228
1560	254
1561	218
1562	216
1563	229
1564	242
1565	249
1566	242
1567	214
1568	240
1569	235
1570	233
1571	254
1572	239
1573	216
1574	237
1575	272
1576	217
1577	244
1578	236
1579	237
1580	246
1581	246
1582	232
1583	275
1584	226
1585	231
1586	227
1587	229
1588	221
1589	238
1590	243
1591	231
1592	213
1593	233
1594	218
1595	246
1596	225
1597	187
1598	255
1599	240
1600	224
1601	243
1602	234
1603	283
1604	236
1605	218
1606	245
1607	248
1608	235
1609	234
1610	224
1611	250
1612	250
1613	221
1614	235
1615	222
1616	206
1617	241
1618	265
1619	229
1620	234
1621	215
1622	249
1623	218
1624	254
1625	227
1626	243
1627	247
1628	239
1629	236
1630	238
1631	236
1632	249
1633	246
1634	251
1635	259
1636	210
1637	240
1638	221
1639	241
1640	237
1641	229
1642	239
1643	270
1644	219
1645	261
1646	252
1647	223
1648	241
1649	217
1650	240
1651	212
1652	268
1653	223
1654	233
1655	244
1656	231
1657	223
1658	232
1659	223
1660	224
1661	221
1662	231
1663	233
1664	234
1665	236
1666	244
1667	250
1668	272
1669	214
1670	235
1671	229
1672	213
1673	239
1674	222
1675	218
1676	253
1677	234
1678	235
1679	224
1680	240
1681	249
1682	237
1683	259
1684	255
1685	217
1686	295
1687	248
1688	226
1689	245
1690	254
1691	244
1692	251
1693	254
1694	229
1695	219
1696	275
1697	266
1698	230
1699	208
1700	249
1701	277
1702	252
1703	263
1704	225
1705	240
1706	266
1707	241
1708	271
1709	246
1710	248
1711	271
1712	257
1713	211
1714	241
1715	258
1716	231
1717	254
1718	222
1719	256
1720	234
1721	250
1722	254
1723	232
1724	242
1725	251
1726	242
1727	232
1728	241
1729	269
1730	256
1731	247
1732	244
1733	234
1734	254
1735	250
1736	239
1737	250
1738	224
1739	248
1740	267
1741	244
1742	248
1743	260
1744	240
1745	264
1746	254
1747	243
1748	243
1749	241
1750	246
1751	238
1752	252
1753	223
1754	292
1755	230
1756	252
1757	261
1758	254
1759	248
1760	238
1761	274
1762	287
1763	267
1764	243
1765	251
1766	287
1767	234
1768	239
1769	230
1770	242
1771	256
1772	259
1773	233
1774	268
1775	240
1776	249
1777	259
1778	263
1779	277
1780	243
1781	260
1782	242
1783	265
1784	245
1785	245
1786	255
1787	268
1788	260
1789	243
1790	257
1791	253
1792	228
1793	226
1794	266
1795	227
1796	245
1797	255
1798	230
1799	234
1800	228
1801	257
1802	275
1803	242
1804	260
1805	262
1806	250
1807	263
1808	245
1809	241
1810	259
1811	253
1812	251
1813	253
1814	235
1815	248
1816	289
1817	269
1818	254
1819	264
1820	246
1821	223
1822	210
1823	240
1824	273
1825	267
1826	241
1827	248
1828	249
1829	253
1830	280
1831	231
1832	245
1833	246
1834	268
1835	263
1836	272
1837	266
1838	219
1839	227
1840	259
1841	262
1842	241
1843	283
1844	245
1845	261
1846	255
1847	248
1848	233
1849	242
1850	279
1851	274
1852	233
1853	260
1854	221
1855	266
1856	249
1857	240
1858	248
1859	239
1860	248
1861	241
1862	247
1863	250
1864	268
1865	233
1866	228
1867	248
1868	215
1869	260
1870	234
1871	218
1872	266
1873	250
1874	227
1875	248
1876	218
1877	246
1878	239
1879	250
1880	256
1881	250
1882	251
1883	240
1884	231
1885	243
1886	254
1887	255
1888	244
1889	255
1890	268
1891	239
1892	235
1893	232
1894	253
1895	233
1896	227
1897	252
1898	231
1899	247
1900	253
1901	247
1902	247
1903	255
1904	251
1905	238
1906	227
1907	264
1908	240
1909	224
1910	252
1911	214
1912	249
1913	258
1914	245
1915	257
1916	251
1917	251
1918	223
1919	250
1920	259
1921	233
1922	239
1923	245
1924	233
1925	235
1926	268
1927	239
1928	251
1929	252
1930	253
1931	280
1932	222
1933	270
1934	238
1935	245
1936	243
1937	255
1938	240
1939	254
1940	240
1941	250
1942	266
1943	232
1944	235
1945	257
1946	229
1947	260
1948	227
1949	242
1950	225
1951	237
1952	237
1953	263
1954	249
1955	229
1956	271
1957	237
1958	201
1959	265
1960	260
1961	256
1962	246
1963	238
1964	210
1965	250
1966	223
1967	240
1968	233
1969	248
1970	233
1971	229
1972	253
1973	256
1974	255
1975	246
1976	233
1977	222
1978	222
1979	240
1980	252
1981	227
1982	221
1983	240
1984	240
1985	238
1986	237
1987	254
1988	255
1989	242
1990	229
1991	264
1992	270
1993	233
1994	251
1995	211
1996	202
1997	261
1998	226
1999	258
2000	230
2001	256
2002	212
2003	256
2004	234
2005	227
2006	219
2007	238
2008	244
2009	224
2010	231
2011	257
2012	231
2013	219
2014	225
2015	215
2016	229
2017	235
2018	261
2019	238
2020	219
2021	241
2022	216
2023	223
2024	239
2025	230
2026	251
2027	242
2028	230
2029	222
2030	223
2031	229
2032	246
2033	234
2034	228
2035	244
2036	224
2037	245
2038	262
2039	240
2040	236
2041	224
2042	248
2043	222
2044	223
2045	252
2046	241
2047	260
2048	244
2049	245
2050	200
2051	260
2052	229
2053	233
2054	231
2055	227
2056	243
2057	219
2058	264
2059	237
2060	234
2061	246
2062	246
2063	240
2064	207
2065	225
2066	237
2067	233
2068	233
2069	232
2070	218
2071	261
2072	228
2073	237
2074	208
2075	224
2076	239
2077	248
2078	222
2079	239
2080	197
2081	245
2082	250
2083	218
2084	217
2085	227
2086	235
2087	245
2088	213
2089	216
2090	206
2091	237
2092	241
2093	227
2094	248
2095	226
2096	237
2097	241
2098	244
2099	201
2100	225
2101	210
2102	225
2103	236
2104	239
2105	232
2106	228
2107	233
2108	245
2109	237
2110	212
2111	230
2112	234
2113	250
2114	208
2115	254
2116	230
2117	240
2118	244
2119	214
2120	207
2121	242
2122	219
2123	214
2124	227
2125	244
2126	229
2127	221
2128	242
2129	235
2130	219
2131	229
2132	241
2133	228
2134	230
2135	268
2136	211
2137	201
2138	218
2139	230
2140	226
2141	221
2142	236
2143	220
2144	219
2145	215
2146	233
2147	263
2148	248
2149	232
2150	227
2151	218
2152	223
2153	224
2154	237
2155	217
2156	228
2157	234
2158	230
2159	223
2160	178
2161	245
2162	189
2163	244
2164	258
2165	227
2166	223
2167	217
2168	226
2169	233
2170	215
2171	223
2172	204
2173	224
2174	235
2175	244
2176	231
2177	215
2178	219
2179	211
2180	261
2181	212
2182	217
2183	199
2184	195
2185	224
2186	229
2187	236
2188	215
2189	230
2190	210
2191	215
2192	219
2193	211
2194	222
2195	190
2196	217
2197	240
2198	213
2199	219
2200	239
2201	201
2202	227
2203	227
2204	233
2205	221
2206	243
2207	221
2208	242
2209	219
2210	231
2211	226
2212	212
2213	203
2214	203
2215	230
2216	237
2217	218
2218	206
2219	224
2220	204
2221	220
2222	235
2223	205
2224	218
2225	217
2226	208
2227	229
2228	201
2229	215
2230	209
2231	235
2232	221
2233	206
2234	220
2235	223
2236	199
2237	222
2238	242
2239	238
2240	217
2241	222
2242	212
2243	208
2244	214
2245	233
2246	245
2247	215
2248	207
2249	224
2250	250
2251	237
2252	207
2253	217
2254	206
2255	222
2256	221
2257	215
2258	206
2259	228
2260	235
2261	219
2262	222
2263	193
2264	224
2265	208
2266	196
2267	221
2268	230
2269	220
2270	199
2271	239
2272	229
2273	222
2274	211
2275	217
2276	215
2277	236
2278	227
2279	210
2280	226
2281	220
2282	262
2283	209
2284	227
2285	209
2286	237
2287	255
2288	229
2289	225
2290	229
2291	237
2292	250
2293	228
2294	241
2295	195
2296	224
2297	228
2298	237
2299	212
2300	237
2301	208
2302	225
2303	248
2304	227
2305	227
2306	229
2307	223
2308	236
2309	243
2310	230
2311	241
2312	220
2313	257
2314	225
2315	234
2316	271
2317	236
2318	230
2319	245
2320	230
2321	259
2322	248
2323	234
2324	245
2325	260
2326	236
2327	265
2328	268
2329	250
2330	260
2331	254
2332	246
2333	265
2334	263
2335	254
2336	228
2337	204
2338	229
2339	263
2340	259
2341	259
2342	253
2343	252
2344	247
2345	279
2346	276
2347	266
2348	282
2349	248
2350	260
2351	248
2352	239
2353	266
2354	234
2355	278
2356	252
2357	271
2358	266
2359	248
2360	267
2361	252
2362	247
2363	235
2364	247
2365	251
2366	261
2367	259
2368	224
2369	252
2370	262
2371	262
2372	280
2373	300
2374	259
2375	293
2376	271
2377	273
2378	277
2379	293
2380	312
2381	281
2382	293
2383	293
2384	275
2385	324
2386	296
2387	247
2388	290
2389	288
2390	285
2391	289
2392	256
2393	293
2394	277
2395	287
2396	332
2397	291
2398	286
2399	288
2400	291
2401	285
2402	307
2403	313
2404	312
2405	291
2406	308
2407	283
2408	336
2409	278
2410	313
2411	297
2412	314
2413	308
2414	343
2415	291
2416	299
2417	317
2418	338
2419	302
2420	286
2421	289
2422	289
2423	358
2424	291
2425	337
2426	313
2427	291
2428	324
2429	306
2430	340
2431	333
2432	330
2433	350
2434	333
2435	316
2436	326
2437	312
2438	368
2439	338
2440	348
2441	322
2442	368
2443	343
2444	341
2445	346
2446	349
2447	330
2448	330
2449	348
2450	371
2451	353
2452	357
2453	345
2454	361
2455	339
2456	353
2457	392
2458	381
2459	346
2460	404
2461	352
2462	384
2463	412
2464	376
2465	361
2466	375
2467	377
2468	359
2469	424
2470	415
2471	390
2472	373
2473	358
2474	417
2475	409
2476	399
2477	421
2478	419
2479	393
2480	428
2481	399
2482	397
2483	422
2484	422
2485	443
2486	423
2487	459
2488	414
2489	422
2490	424
2491	433
2492	450
2493	412
2494	395
2495	445
2496	445
2497	479
2498	393
2499	473
2500	442
2501	450
2502	448
2503	437
2504	471
2505	447
2506	454
2507	453
2508	470
2509	449
2510	448
2511	504
2512	424
2513	442
2514	453
2515	476
2516	462
2517	455
2518	440
2519	489
2520	482
2521	496
2522	513
2523	492
2524	504
2525	480
2526	516
2527	471
2528	501
2529	513
2530	514
2531	505
2532	496
2533	477
2534	486
2535	522
2536	488
2537	512
2538	490
2539	510
2540	540
2541	504
2542	511
2543	510
2544	481
2545	533
2546	511
2547	560
2548	538
2549	535
2550	553
2551	514
2552	539
2553	556
2554	548
2555	547
2556	584
2557	579
2558	558
2559	592
2560	528
2561	547
2562	554
2563	586
2564	570
2565	548
2566	527
2567	563
2568	560
2569	552
2570	558
2571	558
2572	603
2573	575
2574	609
2575	582
2576	562
2577	586
2578	589
2579	592
2580	563
2581	621
2582	615
2583	578
2584	559
2585	589
2586	608
2587	603
2588	551
2589	595
2590	600
2591	672
2592	613
2593	655
2594	621
2595	604
2596	591
2597	620
2598	602
2599	623
2600	650
2601	588
2602	682
2603	625
2604	615
2605	640
2606	593
2607	651
2608	626
2609	647
2610	674
2611	667
2612	662
2613	616
2614	642
2615	658
2616	651
2617	652
2618	625
2619	683
2620	657
2621	682
2622	619
2623	662
2624	677
2625	649
2626	652
2627	679
2628	613
2629	644
2630	665
2631	685
2632	674
2633	652
2634	676
2635	679
2636	689
2637	690
2638	678
2639	685
2640	662
2641	652
2642	691
2643	644
2644	646
2645	722
2646	718
2647	704
2648	720
2649	623
2650	646
2651	722
2652	731
2653	717
2654	694
2655	706
2656	709
2657	718
2658	714
2659	730
2660	678
2661	680
2662	650
2663	726
2664	699
2665	711
2666	712
2667	656
2668	685
2669	683
2670	693
2671	770
2672	706
2673	693
2674	712
2675	696
2676	745
2677	722
2678	715
2679	683
2680	709
2681	673
2682	724
2683	709
2684	737
2685	710
2686	703
2687	724
2688	694
2689	716
2690	705
2691	734
2692	717
2693	767
2694	770
2695	700
2696	690
2697	701
2698	725
2699	703
2700	711
2701	719
2702	749
2703	754
2704	710
2705	775
2706	717
2707	739
2708	692
2709	711
2710	749
2711	731
2712	754
2713	728
2714	781
2715	700
2716	713
2717	703
2718	740
2719	765
2720	712
2721	718
2722	672
2723	707
2724	725
2725	776
2726	731
2727	730
2728	746
2729	798
2730	722
2731	790
2732	724
2733	723
2734	754
2735	736
2736	735
2737	765
2738	747
2739	727
2740	744
2741	769
2742	694
2743	773
2744	760
2745	731
2746	750
2747	763
2748	717
2749	770
2750	734
2751	754
2752	771
2753	781
2754	675
2755	706
2756	734
2757	756
2758	741
2759	789
2760	719
2761	725
2762	713
2763	697
2764	709
2765	680
2766	780
2767	750
2768	713
2769	689
2770	721
2771	717
2772	697
2773	753
2774	722
2775	777
2776	712
2777	711
2778	710
2779	754
2780	707
2781	723
2782	745
2783	742
2784	770
2785	751
2786	709
2787	663
2788	719
2789	752
2790	716
2791	733
2792	693
2793	673
2794	722
2795	730
2796	731
2797	722
2798	680
2799	749
2800	711
2801	709
2802	729
2803	726
2804	731
2805	681
2806	709
2807	692
2808	648
2809	744
2810	715
2811	707
2812	792
2813	697
2814	738
2815	711
2816	721
2817	764
2818	761
2819	727
2820	742
2821	768
2822	730
2823	697
2824	781
2825	710
2826	715
2827	721
2828	737
2829	736
2830	729
2831	680
2832	696
2833	673
2834	696
2835	755
2836	737
2837	646
2838	748
2839	696
2840	735
2841	683
2842	745
2843	728
2844	681
2845	722
2846	707
2847	746
2848	789
2849	702
2850	772
2851	742
2852	742
2853	760
2854	737
2855	727
2856	706
2857	723
2858	702
2859	738
2860	679
2861	726
2862	718
2863	693
2864	709
2865	698
2866	707
2867	695
2868	686
2869	701
2870	672
2871	717
2872	730
2873	668
2874	691
2875	692
2876	719
2877	688
2878	738
2879	690
2880	694
2881	678
2882	698
2883	724
2884	706
2885	687
2886	712
2887	688
2888	733
2889	697
2890	678
2891	658
2892	716
2893	723
2894	694
2895	736
2896	656
2897	700
2898	675
2899	661
2900	661
2901	648
2902	698
2903	732
2904	653
2905	671
2906	718
2907	638
2908	704
2909	699
2910	692
2911	712
2912	655
2913	675
2914	685
2915	651
2916	710
2917	693
2918	654
2919	679
2920	700
2921	738
2922	627
2923	708
2924	711
2925	677
2926	684
2927	666
2928	668
2929	715
2930	676
2931	689
2932	682
2933	689
2934	676
2935	688
2936	687
2937	693
2938	702
2939	723
2940	683
2941	724
2942	689
2943	690
2944	655
2945	639
2946	644
2947	678
2948	644
2949	619
2950	682
2951	701
2952	681
2953	669
2954	669
2955	654
2956	657
2957	677
2958	646
2959	675
2960	639
2961	700
2962	697
2963	660
2964	691
2965	643
2966	688
2967	733
2968	657
2969	669
2970	666
2971	672
2972	647
2973	649
2974	647
2975	637
2976	664
2977	691
2978	678
2979	644
2980	642
2981	656
2982	679
2983	656
2984	678
2985	662
2986	681
2987	704
2988	656
2989	650
2990	655
2991	690
2992	693
2993	601
2994	662
2995	662
2996	658
2997	639
2998	645
2999	675
3000	706
3001	674
3002	706
3003	668
3004	664
3005	660
3006	612
3007	645
3008	656
3009	634
3010	647
3011	688
3012	705
3013	615
3014	637
3015	686
3016	685
3017	718
3018	649
3019	657
3020	609
3021	660
3022	640
3023	635
3024	680
3025	664
3026	662
3027	658
3028	649
3029	631
3030	633
3031	612
3032	625
3033	619
3034	668
3035	660
3036	617
3037	631
3038	640
3039	684
3040	597
3041	647
3042	612
3043	616
3044	638
3045	616
3046	629
3047	643
3048	637
3049	652
3050	700
3051	628
3052	652
3053	628
3054	619
3055	637
3056	626
3057	688
3058	656
3059	606
3060	627
3061	637
3062	613
3063	660
3064	664
3065	655
3066	622
3067	611
3068	664
3069	684
3070	645
3071	627
3072	619
3073	637
3074	628
3075	638
3076	608
3077	653
3078	620
3079	608
3080	600
3081	635
3082	613
3083	614
3084	624
3085	633
3086	623
3087	624
3088	623
3089	630
3090	611
3091	665
3092	595
3093	614
3094	642
3095	623
3096	617
3097	635
3098	633
3099	629
3100	614
3101	607
3102	593
3103	614
3104	635
3105	622
3106	631
3107	595
3108	621
3109	575
3110	614
3111	591
3112	630
3113	588
3114	625
3115	677
3116	609
3117	586
3118	573
3119	574
3120	593
3121	646
3122	644
3123	653
3124	589
3125	574
3126	634
3127	651
3128	611
3129	593
3130	607
3131	604
3132	600
3133	623
3134	611
3135	608
3136	575
3137	569
3138	570
3139	606
3140	595
3141	600
3142	559
3143	595
3144	639
3145	575
3146	604
3147	612
3148	549
3149	559
3150	574
3151	635
3152	594
3153	645
3154	607
3155	600
3156	658
3157	610
3158	604
3159	591
3160	578
3161	571
3162	547
3163	593
3164	561
3165	622
3166	581
3167	611
3168	624
3169	562
3170	590
3171	593
3172	601
3173	580
3174	621
3175	579
3176	594
3177	541
3178	589
3179	552
3180	572
3181	597
3182	604
3183	577
3184	585
3185	568
3186	551
3187	586
3188	611
3189	552
3190	605
3191	586
3192	635
3193	569
3194	546
3195	610
3196	566
3197	557
3198	579
3199	603
3200	538
3201	580
3202	599
3203	595
3204	581
3205	578
3206	576
3207	574
3208	576
3209	564
3210	583
3211	555
3212	536
3213	536
3214	587
3215	543
3216	560
3217	574
3218	588
3219	570
3220	545
3221	562
3222	615
3223	566
3224	561
3225	599
3226	570
3227	584
3228	540
3229	565
3230	598
3231	617
3232	516
3233	538
3234	594
3235	545
3236	560
3237	540
3238	575
3239	572
3240	581
3241	535
3242	592
3243	537
3244	520
3245	558
3246	585
3247	582
3248	524
3249	581
3250	589
3251	556
3252	536
3253	554
3254	590
3255	567
3256	534
3257	540
3258	531
3259	550
3260	574
3261	587
3262	555
3263	539
3264	545
3265	512
3266	533
3267	554
3268	578
3269	517
3270	537
3271	547
3272	536
3273	537
3274	544
3275	557
3276	574
3277	510
3278	556
3279	567
3280	526
3281	504
3282	491
3283	549
3284	570
3285	552
3286	513
3287	564
3288	531
3289	549
3290	544
3291	539
3292	558
3293	525
3294	557
3295	526
3296	534
3297	520
3298	565
3299	539
3300	532
3301	555
3302	533
3303	590
3304	496
3305	502
3306	508
3307	531
3308	548
3309	529
3310	516
3311	495
3312	525
3313	516
3314	562
3315	539
3316	490
3317	544
3318	557
3319	536
3320	523
3321	545
3322	534
3323	556
3324	518
3325	517
3326	506
3327	546
3328	565
3329	514
3330	504
3331	507
3332	485
3333	510
3334	456
3335	540
3336	570
3337	521
3338	517
3339	473
3340	543
3341	505
3342	516
3343	514
3344	515
3345	487
3346	497
3347	569
3348	532
3349	500
3350	538
3351	540
3352	548
3353	530
3354	509
3355	508
3356	525
3357	531
3358	539
3359	522
3360	541
3361	533
3362	528
3363	481
3364	577
3365	475
3366	514
3367	509
3368	514
3369	524
3370	553
3371	530
3372	506
3373	530
3374	501
3375	534
3376	516
3377	499
3378	507
3379	467
3380	469
3381	551
3382	530
3383	509
3384	480
3385	520
3386	486
3387	519
3388	511
3389	488
3390	501
3391	533
3392	475
3393	515
3394	496
3395	536
3396	451
3397	478
3398	505
3399	489
3400	462
3401	473
3402	464
3403	525
3404	503
3405	469
3406	466
3407	432
3408	485
3409	476
3410	499
3411	455
3412	487
3413	461
3414	473
3415	469
3416	516
3417	489
3418	512
3419	484
3420	492
3421	495
3422	525
3423	481
3424	506
3425	487
3426	444
3427	529
3428	487
3429	502
3430	510
3431	514
3432	483
3433	456
3434	483
3435	498
3436	466
3437	507
3438	447
3439	472
3440	458
3441	457
3442	471
3443	506
3444	483
3445	481
3446	501
3447	453
3448	485
3449	492
3450	465
3451	491
3452	468
3453	493
3454	521
3455	496
3456	496
3457	477
3458	502
3459	453
3460	475
3461	474
3462	443
3463	480
3464	460
3465	448
3466	459
3467	470
3468	426
3469	462
3470	479
3471	482
3472	479
3473	453
3474	424
3475	466
3476	502
3477	427
3478	459
3479	450
3480	471
3481	479
3482	468
3483	470
3484	444
3485	453
3486	462
3487	507
3488	482
3489	482
3490	472
3491	473
3492	487
3493	480
3494	468
3495	463
3496	453
3497	454
3498	462
3499	452
3500	475
3501	457
3502	471
3503	466
3504	399
3505	460
3506	448
3507	462
3508	422
3509	449
3510	445
3511	503
3512	459
3513	442
3514	431
3515	469
3516	465
3517	434
3518	411
3519	481
3520	463
3521	445
3522	430
3523	462
3524	450
3525	446
3526	437
3527	449
3528	477
3529	436
3530	396
3531	455
3532	431
3533	441
3534	475
3535	418
3536	472
3537	401
3538	469
3539	431
3540	451
3541	406
3542	391
3543	484
3544	445
3545	459
3546	434
3547	419
3548	422
3549	434
3550	441
3551	459
3552	433
3553	439
3554	449
3555	451
3556	417
3557	435
3558	465
3559	467
3560	479
3561	416
3562	370
3563	440
3564	429
3565	403
3566	423
3567	435
3568	425
3569	451
3570	419
3571	437
3572	426
3573	437
3574	449
3575	411
3576	387
3577	454
3578	447
3579	426
3580	448
3581	446
3582	445
3583	403
3584	428
3585	469
3586	441
3587	438
3588	413
3589	416
3590	409
3591	415
3592	435
3593	415
3594	409
3595	436
3596	412
3597	389
3598	408
3599	394
3600	394
3601	432
3602	431
3603	414
3604	429
3605	404
3606	434
3607	411
3608	419
3609	415
3610	387
3611	408
3612	421
3613	401
3614	424
3615	395
3616	396
3617	385
3618	393
3619	373
3620	433
3621	379
3622	435
3623	432
3624	422
3625	459
3626	418
3627	402
3628	410
3629	362
3630	399
3631	434
3632	387
3633	412
3634	400
3635	450
3636	393
3637	384
3638	383
3639	405
3640	388
3641	405
3642	428
3643	414
3644	395
3645	401
3646	436
3647	409
3648	407
3649	386
3650	381
3651	390
3652	374
3653	404
3654	402
3655	418
3656	380
3657	370
3658	370
3659	377
3660	398
3661	383
3662	443
3663	361
3664	386
3665	346
3666	383
3667	408
3668	388
3669	395
3670	367
3671	371
3672	382
3673	380
3674	401
3675	386
3676	446
3677	413
3678	384
3679	368
3680	393
3681	438
3682	377
3683	403
3684	365
3685	397
3686	383
3687	425
3688	405
3689	361
3690	388
3691	387
3692	352
3693	394
3694	394
3695	412
3696	387
3697	383
3698	349
3699	377
3700	353
3701	385
3702	391
3703	369
3704	379
3705	423
3706	411
3707	391
3708	358
3709	399
3710	407
3711	378
3712	353
3713	379
3714	402
3715	376
3716	360
3717	338
3718	374
3719	381
3720	358
3721	351
3722	372
3723	385
3724	365
3725	353
3726	353
3727	369
3728	375
3729	378
3730	381
3731	378
3732	369
3733	382
3734	380
3735	366
3736	332
3737	356
3738	392
3739	388
3740	349
3741	374
3742	346
3743	385
3744	351
3745	361
3746	352
3747	341
3748	334
3749	360
3750	325
3751	345
3752	362
3753	386
3754	358
3755	357
3756	358
3757	331
3758	334
3759	307
3760	353
3761	351
3762	361
3763	321
3764	337
3765	332
3766	370
3767	359
3768	376
3769	355
3770	346
3771	366
3772	343
3773	389
3774	333
3775	394
3776	348
3777	347
3778	361
3779	326
3780	347
3781	344
3782	336
3783	327
3784	359
3785	362
3786	370
3787	346
3788	326
3789	328
3790	327
3791	326
3792	332
3793	330
3794	355
3795	359
3796	368
3797	364
3798	371
3799	362
3800	344
3801	315
3802	325
3803	334
3804	353
3805	344
3806	350
3807	370
3808	329
3809	376
3810	288
3811	342
3812	332
3813	341
3814	352
3815	355
3816	309
3817	333
3818	304
3819	329
3820	321
3821	346
3822	315
3823	349
3824	325
3825	333
3826	335
3827	324
3828	324
3829	323
3830	319
3831	344
3832	302
3833	319
3834	349
3835	328
3836	327
3837	334
3838	305
3839	303
3840	343
3841	314
3842	341
3843	296
3844	310
3845	339
3846	285
3847	305
3848	310
3849	308
3850	337
3851	321
3852	333
3853	355
3854	306
3855	316
3856	334
3857	344
3858	312
3859	307
3860	329
3861	305
3862	331
3863	338
3864	324
3865	326
3866	304
3867	298
3868	296
3869	303
3870	333
3871	330
3872	287
3873	316
3874	318
3875	309
3876	351
3877	317
3878	332
3879	290
3880	311
3881	326
3882	334
3883	329
3884	309
3885	272
3886	292
3887	333
3888	309
3889	314
3890	292
3891	310
3892	280
3893	305
3894	284
3895	335
3896	297
3897	303
3898	328
3899	296
3900	304
3901	284
3902	294
3903	310
3904	321
3905	283
3906	276
3907	346
3908	308
3909	321
3910	295
3911	306
3912	296
3913	277
3914	284
3915	295
3916	270
3917	291
3918	284
3919	304
3920	315
3921	280
3922	317
3923	300
3924	277
3925	308
3926	301
3927	321
3928	262
3929	267
3930	303
3931	273
3932	267
3933	343
3934	308
3935	304
3936	292
3937	292
3938	281
3939	288
3940	286
3941	292
3942	272
3943	267
3944	281
3945	292
3946	277
3947	303
3948	270
3949	311
3950	309
3951	300
3952	274
3953	255
3954	276
3955	270
3956	278
3957	296
3958	296
3959	274
3960	268
3961	295
3962	275
3963	283
3964	261
3965	301
3966	296
3967	291
3968	281
3969	274
3970	303
3971	272
3972	290
3973	275
3974	285
3975	266
3976	268
3977	265
3978	276
3979	270
3980	287
3981	292
3982	282
3983	273
3984	265
3985	282
3986	264
3987	275
3988	299
3989	284
3990	280
3991	286
3992	256
3993	263
3994	274
3995	274
3996	272
3997	283
3998	277
3999	274
4000	254
4001	255
4002	296
4003	267
4004	258
4005	273
4006	254
4007	264
4008	261
4009	285
4010	246
4011	250
4012	270
4013	268
4014	268
4015	293
4016	253
4017	282
4018	278
4019	268
4020	274
4021	253
4022	246
4023	264
4024	271
4025	260
4026	297
4027	252
4028	253
4029	267
4030	260
4031	251
4032	255
4033	278
4034	256
4035	285
4036	270
4037	248
4038	268
4039	258
4040	247
4041	228
4042	246
4043	270
4044	250
4045	271
4046	242
4047	257
4048	240
4049	261
4050	254
4051	259
4052	268
4053	227
4054	235
4055	248
4056	227
4057	273
4058	231
4059	269
4060	248
4061	273
4062	227
4063	247
4064	252
4065	241
4066	232
4067	225
4068	254
4069	279
4070	261
4071	236
4072	243
4073	262
4074	245
4075	238
4076	237
4077	216
4078	245
4079	216
4080	238
4081	223
4082	255
4083	218
4084	244
4085	244
4086	224
4087	246
4088	262
4089	237
4090	244
4091	253
4092	262
4093	233
4094	271
4095	249
4096	246
4097	223
4098	235
4099	252
4100	212
4101	250
4102	229
4103	232
4104	271
4105	232
4106	221
4107	222
4108	252
4109	227
4110	211
4111	240
4112	218
4113	199
4114	227
4115	210
4116	230
4117	270
4118	219
4119	250
4120	231
4121	247
4122	234
4123	203
4124	241
4125	210
4126	237
4127	206
4128	232
4129	203
4130	238
4131	206
4132	227
4133	222
4134	215
4135	243
4136	225
4137	217
4138	231
4139	192
4140	218
4141	221
4142	233
4143	248
4144	225
4145	221
4146	224
4147	230
4148	228
4149	220
4150	222
4151	221
4152	212
4153	218
4154	220
4155	196
4156	195
4157	235
4158	204
4159	236
4160	216
4161	191
4162	207
4163	222
4164	193
4165	203
4166	218
4167	222
4168	202
4169	208
4170	201
4171	203
4172	224
4173	200
4174	213
4175	222
4176	234
4177	212
4178	205
4179	197
4180	198
4181	227
4182	198
4183	221
4184	197
4185	192
4186	208
4187	219
4188	214
4189	218
4190	217
4191	191
4192	220
4193	206
4194	197
4195	178
4196	211
4197	209
4198	221
4199	206
4200	223
4201	205
4202	214
4203	198
4204	196
4205	219
4206	212
4207	197
4208	198
4209	194
4210	166
4211	191
4212	194
4213	176
4214	197
4215	193
4216	212
4217	185
4218	204
4219	217
4220	194
4221	230
4222	158
4223	206
4224	210
4225	183
4226	190
4227	196
4228	198
4229	179
4230	190
4231	184
4232	188
4233	183
4234	208
4235	177
4236	186
4237	196
4238	201
4239	205
4240	203
4241	196
4242	180
4243	180
4244	191
4245	198
4246	196
4247	206
4248	199
4249	187
4250	185
4251	195
4252	178
4253	180
4254	187
4255	212
4256	163
4257	188
4258	186
4259	198
4260	183
4261	180
4262	187
4263	171
4264	190
4265	188
4266	188
4267	190
4268	191
4269	190
4270	179
4271	167
4272	150
4273	202
4274	172
4275	190
4276	198
4277	142
4278	186
4279	183
4280	171
4281	152
4282	169
4283	174
4284	189
4285	177
4286	168
4287	186
4288	169
4289	180
4290	185
4291	175
4292	166
4293	190
4294	177
4295	165
4296	182
4297	167
4298	166
4299	197
4300	182
4301	155
4302	187
4303	175
4304	167
4305	168
4306	150
4307	180
4308	179
4309	192
4310	175
4311	169
4312	174
4313	179
4314	179
4315	156
4316	163
4317	164
4318	198
4319	156
4320	162
4321	192
4322	172
4323	174
4324	153
4325	162
4326	176
4327	158
4328	149
4329	173
4330	164
4331	170
4332	164
4333	173
4334	166
4335	177
4336	159
4337	159
4338	165
4339	158
4340	166
4341	157
4342	154
4343	150
4344	151
4345	159
4346	179
4347	161
4348	170
4349	157
4350	177
4351	142
4352	157
4353	167
4354	175
4355	146
4356	193
4357	145
4358	132
4359	136
4360	178
4361	171
4362	169
4363	177
4364	174
4365	160
4366	152
4367	157
4368	174
4369	165
4370	133
4371	169
4372	158
4373	169
4374	154
4375	173
4376	166
4377	179
4378	132
4379	162
4380	167
4381	142
4382	149
4383	150
4384	163
4385	161
4386	158
4387	144
4388	149
4389	146
4390	147
4391	172
4392	137
4393	170
4394	139
4395	151
4396	137
4397	143
4398	153
4399	145
4400	149
4401	155
4402	181
4403	132
4404	144
4405	143
4406	161
4407	120
4408	145
4409	146
4410	170
4411	143
4412	128
4413	138
4414	133
4415	142
4416	150
4417	142
4418	160
4419	142
4420	129
4421	135
4422	142
4423	138
4424	129
4425	131
4426	170
4427	155
4428	155
4429	135
4430	138
4431	139
4432	114
4433	144
4434	139
4435	162
4436	155
4437	124
4438	128
4439	123
4440	118
4441	125
4442	134
4443	126
4444	114
4445	139
4446	122
4447	137
4448	115
4449	109
4450	123
4451	140
4452	118
4453	110
4454	146
4455	140
4456	131
4457	131
4458	119
4459	132
4460	130
4461	116
4462	117
4463	103
4464	155
4465	104
4466	113
4467	129
4468	129
4469	140
4470	124
4471	131
4472	125
4473	154
4474	126
4475	138
4476	128
4477	130
4478	142
4479	120
4480	114
4481	138
4482	137
4483	120
4484	122
4485	130
4486	110
4487	109
4488	123
4489	106
4490	127
4491	114
4492	138
4493	118
4494	132
4495	107
4496	135
4497	131
4498	131
4499	138
4500	118
4501	123
4502	144
4503	102
4504	120
4505	126
4506	116
4507	116
4508	99
4509	106
4510	110
4511	120
4512	110
4513	113
4514	118
4515	124
4516	94
4517	117
4518	108
4519	114
4520	89
4521	102
4522	113
4523	135
4524	122
4525	115
4526	108
4527	115
4528	123
4529	113
4530	127
4531	95
4532	126
4533	100
4534	121
4535	109
4536	95
4537	107
4538	114
4539	108
4540	94
4541	113
4542	114
4543	113
4544	120
4545	107
4546	119
4547	110
4548	100
4549	112
4550	93
4551	91
4552	106
4553	112
4554	99
4555	96
4556	106
4557	95
4558	104
4559	93
4560	97
4561	110
4562	99
4563	96
4564	91
4565	102
4566	116
4567	114
4568	90
4569	115
4570	117
4571	104
4572	105
4573	96
4574	105
4575	115
4576	99
4577	95
4578	77
4579	110
4580	94
4581	81
4582	89
4583	102
4584	109
4585	84
4586	81
4587	110
4588	109
4589	111
4590	96
4591	113
4592	100
4593	89
4594	102
4595	107
4596	82
4597	99
4598	108
4599	103
4600	103
4601	85
4602	102
4603	87
4604	94
4605	107
4606	83
4607	88
4608	109
4609	94
4610	96
4611	93
4612	117
4613	96
4614	86
4615	96
4616	86
4617	92
4618	86
4619	80
4620	89
4621	80
4622	88
4623	85
4624	89
4625	73
4626	72
4627	65
4628	103
4629	102
4630	67
4631	75
4632	95
4633	88
4634	76
4635	77
4636	74
4637	89
4638	95
4639	83
4640	72
4641	80
4642	83
4643	92
4644	82
4645	77
4646	87
4647	80
4648	86
4649	69
4650	93
4651	99
4652	78
4653	63
4654	78
4655	85
4656	86
4657	87
4658	75
4659	68
4660	87
4661	75
4662	74
4663	69
4664	74
4665	70
4666	72
4667	71
4668	82
4669	74
4670	75
4671	77
4672	79
4673	78
4674	84
4675	73
4676	78
4677	74
4678	82
4679	62
4680	73
4681	69
4682	81
4683	68
4684	84
4685	74
4686	78
4687	80
4688	74
4689	77
4690	81
4691	80
4692	73
4693	70
4694	81
4695	70
4696	57
4697	74
4698	83
4699	77
4700	67
4701	84
4702	68
4703	69
4704	73
4705	67
4706	85
4707	64
4708	53
4709	66
4710	64
4711	61
4712	65
4713	57
4714	65
4715	58
4716	68
4717	64
4718	80
4719	66
4720	70
4721	73
4722	65
4723	70
4724	65
4725	61
4726	69
4727	62
4728	66
4729	66
4730	66
4731	63
4732	78
4733	65
4734	45
4735	70
4736	62
4737	51
4738	69
4739	61
4740	67
4741	63
4742	54
4743	77
4744	57
4745	51
4746	60
4747	71
4748	70
4749	60
4750	55
4751	67
4752	65
4753	63
4754	65
4755	57
4756	48
4757	61
4758	39
4759	57
4760	52
4761	57
4762	61
4763	65
4764	52
4765	51
4766	68
4767	55
4768	67
4769	45
4770	58
4771	66
4772	61
4773	61
4774	43
4775	52
4776	50
4777	69
4778	51
4779	52
4780	62
4781	65
4782	56
4783	62
4784	49
4785	47
4786	45
4787	47
4788	53
4789	40
4790	44
4791	43
4792	66
4793	38
4794	57
4795	59
4796	64
4797	44
4798	47
4799	53
4800	54
4801	58
4802	55
4803	45
4804	48
4805	41
4806	52
4807	50
4808	52
4809	49
4810	54
4811	49
4812	52
4813	55
4814	46
4815	53
4816	48
4817	44
4818	43
4819	40
4820	49
4821	48
4822	50
4823	53
4824	36
4825	54
4826	56
4827	51
4828	48
4829	56
4830	48
4831	38
4832	50
4833	58
4834	45
4835	35
4836	33
4837	38
4838	49
4839	44
4840	44
4841	55
4842	35
4843	36
4844	46
4845	36
4846	49
4847	32
4848	42
4849	39
4850	37
4851	32
4852	46
4853	50
4854	27
4855	47
4856	47
4857	37
4858	38
4859	38
4860	41
4861	45
4862	37
4863	36
4864	28
4865	40
4866	29
4867	43
4868	37
4869	41
4870	45
4871	46
4872	25
4873	49
4874	35
4875	31
4876	30
4877	42
4878	37
4879	40
4880	49
4881	43
4882	36
4883	31
4884	40
4885	28
4886	33
4887	36
4888	38
4889	40
4890	41
4891	42
4892	38
4893	33
4894	33
4895	35
4896	26
4897	29
4898	27
4899	34
4900	41
4901	46
4902	30
4903	33
4904	35
4905	37
4906	28
4907	34
4908	40
4909	28
4910	30
4911	31
4912	23
4913	31
4914	34
4915	33
4916	40
4917	43
4918	38
4919	28
4920	37
4921	35
4922	37
4923	32
4924	31
4925	27
4926	30
4927	33
4928	30
4929	27
4930	39
4931	37
4932	24
4933	33
4934	34
4935	30
4936	24
4937	36
4938	33
4939	38
4940	27
4941	25
4942	28
4943	28
4944	29
4945	23
4946	17
4947	36
4948	22
4949	35
4950	26
4951	32
4952	30
4953	30
4954	36
4955	29
4956	35
4957	23
4958	23
4959	28
4960	29
4961	19
4962	20
4963	28
4964	33
4965	36
4966	23
4967	25
4968	17
4969	25
4970	25
4971	33
4972	28
4973	30
4974	30
4975	19
4976	27
4977	21
4978	27
4979	24
4980	24
4981	18
4982	24
4983	23
4984	32
4985	27
4986	29
4987	22
4988	33
4989	34
4990	22
4991	24
4992	29
4993	20
4994	24
4995	16
4996	27
4997	14
4998	23
4999	22
5000	27
5001	19
5002	24
5003	26
5004	21
5005	13
5006	26
5007	20
5008	22
5009	21
5010	22
5011	29
5012	21
5013	22
5014	25
5015	22
5016	18
5017	13
5018	22
5019	14
5020	18
5021	18
5022	18
5023	32
5024	23
5025	22
5026	19
5027	15
5028	14
5029	14
5030	14
5031	24
5032	27
5033	16
5034	16
5035	24
5036	19
5037	21
5038	14
5039	15
5040	13
5041	19
5042	13
5043	13
5044	20
5045	14
5046	13
5047	17
5048	15
5049	28
5050	19
5051	16
5052	14
5053	15
5054	14
5055	16
5056	18
5057	29
5058	18
5059	9
5060	12
5061	14
5062	17
5063	16
5064	13
5065	16
5066	13
5067	10
5068	14
5069	11
5070	16
5071	11
5072	13
5073	14
5074	16
5075	14
5076	18
5077	13
5078	11
5079	12
5080	15
5081	6
5082	14
5083	22
5084	17
5085	6
5086	15
5087	13
5088	14
5089	17
5090	11
5091	8
5092	18
5093	11
5094	8
5095	9
5096	18
5097	12
5098	9
5099	11
5100	13
5101	11
5102	10
5103	14
5104	10
5105	21
5106	9
5107	8
5108	9
5109	8
5110	11
5111	6
5112	14
5113	9
5114	9
5115	11
5116	16
5117	9
5118	8
5119	11
5120	9
5121	10
5122	8
5123	9
5124	6
5125	6
5126	20
5127	9
5128	11
5129	10
5130	7
5131	11
5132	11
5133	12
5134	13
5135	7
5136	8
5137	8
5138	9
5139	7
5140	10
5141	6
5142	3
5143	9
5144	8
5145	11
5146	10
5147	8
5148	9
5149	9
5150	7
5151	7
5152	8
5153	5
5154	11
5155	11
5156	14
5157	13
5158	10
5159	7
5160	14
5161	10
5162	5
5163	12
5164	6
5165	10
5166	9
5167	9
5168	8
5169	11
5170	4
5171	7
5172	9
5173	7
5174	7
5175	11
5176	12
5177	5
5178	12
5179	6
5180	8
5181	6
5182	7
5183	7
5184	9
5185	6
5186	7
5187	9
5188	5
5189	11
5190	9
5191	7
5192	5
5193	12
5194	7
5195	5
5196	5
5197	10
5198	4
5199	5
5200	4
5201	6
5202	5
5203	5
5204	6
5205	5
5206	3
5207	1
5208	8
5209	9
5210	6
5211	7
5212	6
5213	8
5214	5
5215	7
5216	5
5217	10
5218	1
5219	9
5220	1
5221	9
5222	2
5223	7
5224	6
5225	6
5226	3
5227	6
5228	8
5229	2
5230	5
5231	3
5232	3
5233	5
5234	4
5235	5
5236	5
5237	1
5238	5
5239	4
5240	6
5241	7
5242	4
5243	5
5244	4
5245	5
5246	2
5247	5
5248	6
5249	3
5250	5
5251	3
5252	5
5253	5
5254	4
5255	5
5256	4
5257	2
5258	2
5259	5
5260	3
5261	7
5262	7
5263	7
5264	3
5265	2
5266	1
5267	4
5268	5
5269	3
5270	4
5271	5
5272	4
5273	7
5274	2
5275	2
5276	8
5277	11
5278	9
5279	5
5280	5
5281	5
5282	5
5283	3
5284	4
5285	3
5286	3
5287	7
5288	4
5289	2
5290	4
5291	3
5292	2
5293	1
5294	7
5295	4
5296	4
5297	5
5298	3
5299	5
5300	2
5301	2
5302	0
5303	7
5304	3
5305	2
5306	5
5307	0
5308	2
5309	0
5310	4
5311	2
5312	3
5313	9
5314	6
5315	5
5316	2
5317	2
5318	2
5319	2
5320	3
5321	2
5322	4
5323	3
5324	5
5325	4
5326	6
5327	2
5328	3
5329	3
5330	3
5331	2
5332	6
5333	4
5334	1
5335	1
5336	7
5337	2
5338	1
5339	7
5340	1
5341	3
5342	2
5343	0
5344	3
5345	1
5346	2
5347	4
5348	3
5349	3
5350	0
5351	2
5352	1
5353	2
5354	3
5355	3
5356	2
5357	2
5358	3
5359	3
5360	2
5361	2
5362	3
5363	1
5364	0
5365	5
5366	2
5367	3
5368	4
5369	0
5370	3
5371	0
5372	5
5373	1
5374	2
5375	3
5376	3
5377	2
5378	2
5379	3
5380	2
5381	2
5382	1
5383	4
5384	3
5385	1
5386	2
5387	3
5388	1
5389	0
5390	3
5391	2
5392	3
5393	1
5394	0
5395	1
5396	1
5397	1
5398	4
5399	0
5400	2
5401	0
5402	2
5403	0
5404	3
5405	2
5406	1
5407	1
5408	1
5409	2
5410	0
5411	2
5412	1
5413	3
5414	5
5415	1
5416	1
5417	0
5418	1
5419	3
5420	1
5421	3
5422	2
5423	1
5424	3
5425	2
5426	3
5427	2
5428	2
5429	1
5430	5
5431	2
5432	1
5433	0
5434	0
5435	1
5436	4
5437	2
5438	0
5439	1
5440	0
5441	1
5442	3
5443	1
5444	1
5445	1
5446	1
5447	0
5448	1
5449	4
5450	2
5451	2
5452	2
5453	0
5454	2
5455	0
5456	2
5457	3
5458	1
5459	1
5460	4
5461	0
5462	1
5463	2
5464	1
5465	0
5466	3
5467	2
5468	1
5469	0
5470	2
5471	3
5472	2
5473	0
5474	3
5475	2
5476	0
5477	2
5478	2
5479	0
5480	2
5481	3
5482	3
5483	0
5484	1
5485	1
5486	2
5487	0
5488	1
5489	4
5490	2
5491	1
5492	1
5493	0
5494	1
5495	0
5496	2
5497	1
5498	1
5499	1
5500	1
5501	1
5502	2
5503	1
5504	1
5505	3
5506	0
5507	1
5508	2
5509	1
5510	2
5511	2
5512	0
5513	1
5514	3
5515	0
5516	0
5517	0
5518	1
5519	2
5520	3
5521	3
5522	1
5523	4
5524	0
5525	4
5526	2
5527	2
5528	3
5529	1
5530	3
5531	4
5532	0
5533	1
5534	0
5535	2
5536	1
5537	1
5538	2
5539	1
5540	1
5541	3
5542	0
5543	0
5544	2
5545	0
5546	3
5547	2
5548	0
5549	0
5550	1
5551	0
5552	1
5553	1
5554	3
5555	1
5556	2
5557	1
5558	2
5559	2
5560	0
5561	2
5562	4
5563	0
5564	1
5565	1
5566	2
5567	0
5568	2
5569	1
5570	0
5571	1
5572	2
5573	1
5574	2
5575	3
5576	1
5577	2
5578	3
5579	1
5580	4
5581	2
5582	0
5583	1
5584	0
5585	2
5586	3
5587	1
5588	2
5589	2
5590	4
5591	1
5592	0
5593	1
5594	1
5595	1
5596	1
5597	0
5598	0
5599	2
5600	1
5601	3
5602	3
5603	0
5604	1
5605	1
5606	0
5607	2
5608	2
5609	3
5610	2
5611	0
5612	0
5613	2
5614	2
5615	2
5616	2
5617	2
5618	1
5619	0
5620	2
5621	1
5622	1
5623	0
5624	2
5625	2
5626	1
5627	1
5628	2
5629	0
5630	1
5631	0
5632	1
5633	1
5634	1
5635	3
5636	2
5637	1
5638	0
5639	2
5640	0
5641	2
5642	0
5643	2
5644	1
5645	0
5646	3
5647	2
5648	0
5649	2
5650	2
5651	0
5652	1
5653	2
5654	1
5655	0
5656	2
5657	2
5658	2
5659	2
5660	3
5661	0
5662	2
5663	1
5664	1
5665	2
5666	0
5667	1
5668	2
5669	2
5670	1
5671	1
5672	2
5673	1
5674	1
5675	1
5676	1
5677	1
5678	1
5679	1
5680	1
5681	1
5682	0
5683	2
5684	2
5685	0
5686	0
5687	0
5688	1
5689	1
5690	1
5691	2
5692	2
5693	1
5694	1
5695	1
5696	2
5697	1
5698	0
5699	4
5700	0
5701	2
5702	4
5703	2
5704	2
5705	2
5706	1
5707	0
5708	3
5709	2
5710	3
5711	1
5712	1
5713	2
5714	1
5715	2
5716	2
5717	0
5718	1
5719	3
5720	0
5721	4
5722	3
5723	2
5724	1
5725	0
5726	2
5727	3
5728	0
5729	2
5730	4
5731	4
5732	0
5733	2
5734	2
5735	4
5736	1
5737	0
5738	0
5739	1
5740	1
5741	2
5742	0
5743	2
5744	3
5745	1
5746	2
5747	0
5748	0
5749	1
5750	1
5751	2
5752	0
5753	3
5754	3
5755	2
5756	1
5757	2
5758	1
5759	1
5760	2
5761	1
5762	0
5763	1
5764	0
5765	1
5766	1
5767	2
5768	0
5769	1
5770	1
5771	0
5772	0
5773	2
5774	0
5775	0
5776	1
5777	2
5778	3
5779	2
5780	0
5781	3
5782	3
5783	1
5784	1
5785	1
5786	1
5787	0
5788	0
5789	1
5790	2
5791	2
5792	1
5793	2
5794	3
5795	0
5796	0
5797	3
5798	0
5799	0
5800	0
5801	1
5802	0
5803	2
5804	0
5805	2
5806	1
5807	2
5808	5
5809	2
5810	0
5811	1
5812	1
5813	0
5814	0
5815	1
5816	2
5817	3
5818	1
5819	1
5820	1
5821	3
5822	1
5823	4
5824	6
5825	2
5826	1
5827	3
5828	1
5829	1
5830	0
5831	1
5832	1
5833	2
5834	3
5835	4
5836	2
5837	1
5838	0
5839	5
5840	2
5841	1
5842	4
5843	0
5844	1
5845	1
5846	2
5847	2
5848	1
5849	0
5850	1
5851	0
5852	5
5853	2
5854	0
5855	0
5856	0
5857	0
5858	2
5859	2
5860	0
5861	1
5862	3
5863	1
5864	2
5865	2
5866	1
5867	2
5868	1
5869	3
5870	0
5871	1
5872	2
5873	1
5874	1
5875	0
5876	2
5877	3
5878	2
5879	1
5880	2
5881	1
5882	4
5883	0
5884	0
5885	2
5886	1
5887	2
5888	2
5889	0
5890	4
5891	2
5892	1
5893	0
5894	3
5895	0
5896	0
5897	0
5898	2
5899	0
5900	0
5901	1
5902	1
5903	3
5904	2
5905	0
5906	1
5907	0
5908	2
5909	1
5910	2
5911	1
5912	1
5913	1
5914	2
5915	0
5916	2
5917	1
5918	0
5919	1
5920	3
5921	3
5922	0
5923	0
5924	1
5925	1
5926	0
5927	6
5928	1
5929	0
5930	3
5931	0
5932	2
5933	1
5934	0
5935	1
5936	1
5937	2
5938	0
5939	2
5940	2
5941	1
5942	1
5943	1
5944	2
5945	2
5946	2
5947	0
5948	3
5949	3
5950	1
5951	1
5952	2
5953	3
5954	2
5955	0
5956	1
5957	1
5958	3
5959	1
5960	2
5961	3
5962	1
5963	0
5964	3
5965	3
5966	0
5967	1
5968	0
5969	2
5970	1
5971	1
5972	1
5973	1
5974	0
5975	0
5976	0
5977	1
5978	0
5979	0
5980	0
5981	1
5982	1
5983	1
5984	0
5985	2
5986	3
5987	1
5988	0
5989	1
5990	1
5991	0
5992	3
5993	2
5994	2
5995	1
5996	1
5997	1
5998	2
5999	0
6000	0
6001	1
6002	1
6003	1
6004	2
6005	0
6006	1
6007	2
6008	0
6009	0
6010	2
6011	1
6012	1
6013	1
6014	2
6015	3
6016	1
6017	2
6018	3
6019	0
6020	0
6021	0
6022	2
6023	0
6024	1
6025	4
6026	5
6027	2
6028	1
6029	2
6030	2
6031	0
6032	0
6033	0
6034	1
6035	1
6036	0
6037	2
6038	3
6039	1
6040	0
6041	2
6042	1
6043	1
6044	1
6045	2
6046	0
6047	0
6048	1
6049	1
6050	0
6051	1
6052	2
6053	0
6054	1
6055	3
6056	0
6057	0
6058	3
6059	1
6060	0
6061	0
6062	0
6063	0
6064	0
6065	1
6066	0
6067	2
6068	0
6069	0
6070	0
6071	1
6072	1
6073	2
6074	1
6075	4
6076	2
6077	1
6078	0
6079	0
6080	0
6081	0
6082	2
6083	1
6084	1
6085	0
6086	0
6087	0
6088	0
6089	0
6090	0
6091	1
6092	0
6093	0
6094	0
6095	0
6096	2
6097	0
6098	0
6099	0
6100	2
6101	1
6102	2
6103	0
6104	0
6105	0
6106	2
6107	4
6108	1
6109	2
6110	0
6111	0
6112	0
6113	1
6114	0
6115	1
6116	0
6117	1
6118	0
6119	2
6120	1
6121	0
6122	1
6123	2
6124	0
6125	0
6126	1
6127	1
6128	0
6129	0
6130	1
6131	2
6132	2
6133	2
6134	1
6135	0
6136	0
6137	0
6138	1
6139	2
6140	0
6141	0
6142	1
6143	0
6144	2
6145	2
6146	3
6147	1
6148	0
6149	0
6150	0
6151	3
6152	0
6153	1
6154	0
6155	1
6156	0
6157	1
6158	5
6159	0
6160	0
6161	3
6162	0
6163	3
6164	1
6165	5
6166	3
6167	0
6168	1
6169	1
6170	0
6171	0
6172	2
6173	1
6174	2
6175	0
6176	1
6177	2
6178	1
6179	1
6180	0
6181	1
6182	0
6183	1
6184	1
6185	1
6186	3
6187	2
6188	2
6189	0
6190	1
6191	2
6192	2
6193	0
6194	0
6195	3
6196	0
6197	0
6198	1
6199	0
6200	1
6201	0
6202	0
6203	2
6204	2
6205	0
6206	2
6207	0
6208	1
6209	2
6210	0
6211	2
6212	1
6213	0
6214	2
6215	0
6216	1
6217	0
6218	2
6219	1
6220	2
6221	1
6222	0
6223	0
6224	0
6225	1
6226	4
6227	1
6228	2
6229	0
6230	1
6231	2
6232	0
6233	0
6234	2
6235	0
6236	0
6237	0
6238	1
6239	0
6240	0
6241	2
6242	1
6243	1
6244	1
6245	0
6246	0
6247	0
6248	1
6249	0
6250	1
6251	0
6252	1
6253	1
6254	2
6255	0
6256	0
6257	1
6258	1
6259	1
6260	0
6261	0
6262	4
6263	0
6264	1
6265	2
6266	3
6267	0
6268	1
6269	1
6270	2
6271	0
6272	0
6273	1
6274	1
6275	0
6276	0
6277	0
6278	0
6279	1
6280	0
6281	1
6282	1
6283	0
6284	1
6285	0
6286	1
6287	2
6288	3
6289	2
6290	0
6291	0
6292	0
6293	2
6294	1
6295	1
6296	0
6297	0
6298	1
6299	1
6300	1
6301	1
6302	0
6303	1
6304	0
6305	2
6306	0
6307	1
6308	0
6309	0
6310	0
6311	2
6312	1
6313	0
6314	1
6315	0
6316	0
6317	0
6318	1
6319	1
6320	2
6321	2
6322	0
6323	0
6324	0
6325	2
6326	1
6327	0
6328	3
6329	2
6330	2
6331	2
6332	1
6333	2
6334	0
6335	1
6336	1
6337	2
6338	0
6339	0
6340	1
6341	0
6342	1
6343	0
6344	1
6345	0
6346	2
6347	0
6348	1
6349	0
6350	1
6351	0
6352	0
6353	2
6354	0
6355	0
6356	1
6357	0
6358	0
6359	2
6360	1
6361	1
6362	4
6363	1
6364	0
6365	2
6366	1
6367	0
6368	2
6369	0
6370	1
6371	0
6372	0
6373	0
6374	1
6375	0
6376	0
6377	1
6378	0
6379	0
6380	1
6381	0
6382	0
6383	0
6384	0
6385	0
6386	0
6387	5
6388	1
6389	0
6390	1
6391	0
6392	1
6393	0
6394	1
6395	2
6396	1
6397	1
6398	0
6399	1
6400	1
6401	0
6402	1
6403	0
6404	1
6405	1
6406	0
6407	1
6408	3
6409	1
6410	2
6411	0
6412	0
6413	0
6414	2
6415	1
6416	0
6417	1
6418	2
6419	0
6420	1
6421	0
6422	0
6423	0
6424	0
6425	3
6426	0
6427	4
6428	1
6429	0
6430	0
6431	0
6432	0
6433	1
6434	0
6435	2
6436	0
6437	2
6438	2
6439	1
6440	0
6441	0
6442	0
6443	1
6444	0
6445	0
6446	0
6447	5
6448	3
6449	1
6450	0
6451	0
6452	0
6453	0
6454	1
6455	0
6456	1
6457	2
6458	1
6459	0
6460	0
6461	1
6462	1
6463	1
6464	3
6465	1
6466	1
6467	1
6468	0
6469	1
6470	0
6471	3
6472	0
6473	2
6474	1
6475	0
6476	2
6477	1
6478	0
6479	1
6480	1
6481	0
6482	0
6483	0
6484	0
6485	1
6486	2
6487	1
6488	2
6489	0
6490	1
6491	1
6492	3
6493	0
6494	1
6495	2
6496	2
6497	3
6498	0
6499	2
6500	0
6501	0
6502	0
6503	0
6504	0
6505	1
6506	1
6507	1
6508	1
6509	1
6510	1
6511	0
6512	2
6513	0
6514	0
6515	1
6516	2
6517	1
6518	0
6519	0
6520	0
6521	1
6522	1
6523	0
6524	0
6525	4
6526	0
6527	1
6528	2
6529	2
6530	0
6531	1
6532	0
6533	1
6534	1
6535	6
6536	1
6537	0
6538	1
6539	1
6540	0
6541	0
6542	0
6543	1
6544	1
6545	0
6546	0
6547	0
6548	0
6549	0
6550	2
6551	0
6552	3
6553	1
6554	1
6555	2
6556	1
6557	0
6558	3
6559	0
6560	1
6561	0
6562	1
6563	1
6564	1
6565	3
6566	2
6567	1
6568	0
6569	0
6570	1
6571	0
6572	1
6573	0
6574	1
6575	1
6576	0
6577	2
6578	3
6579	0
6580	0
6581	1
6582	0
6583	0
6584	1
6585	1
6586	1
6587	3
6588	1
6589	0
6590	1
6591	0
6592	0
6593	0
6594	3
6595	4
6596	0
6597	1
6598	0
6599	0
6600	2
6601	0
6602	2
6603	0
6604	1
6605	0
6606	0
6607	0
6608	1
6609	1
6610	1
6611	1
6612	0
6613	1
6614	2
6615	1
6616	3
6617	1
6618	0
6619	0
6620	2
6621	1
6622	0
6623	0
6624	1
6625	2
6626	2
6627	1
6628	0
6629	0
6630	3
6631	0
6632	1
6633	0
6634	3
6635	1
6636	0
6637	1
6638	0
6639	1
6640	0
6641	1
6642	1
6643	0
6644	1
6645	2
6646	0
6647	0
6648	1
6649	0
6650	0
6651	0
6652	0
6653	0
6654	0
6655	0
6656	0
6657	1
6658	0
6659	0
6660	0
6661	0
6662	0
6663	0
6664	1
6665	1
6666	0
6667	0
6668	0
6669	0
6670	0
6671	0
6672	0
6673	0
6674	0
6675	0
6676	0
6677	0
6678	0
6679	0
6680	0
6681	0
6682	0
6683	0
6684	0
6685	0
6686	0
6687	0
6688	0
6689	0
6690	0
6691	1
6692	0
6693	0
6694	0
6695	0
6696	0
6697	1
6698	0
6699	0
6700	0
6701	0
6702	0
6703	0
6704	0
6705	0
6706	0
6707	0
6708	0
6709	0
6710	0
6711	0
6712	0
6713	0
6714	1
6715	0
6716	0
6717	0
6718	0
6719	0
6720	0
6721	0
6722	0
6723	0
6724	0
6725	0
6726	0
6727	0
6728	0
6729	0
6730	0
6731	0
6732	0
6733	0
6734	0
6735	0
6736	0
6737	0
6738	0
6739	0
6740	0
6741	0
6742	0
6743	0
6744	0
6745	0
6746	0
6747	0
6748	0
6749	0
6750	0
6751	0
6752	0
6753	0
6754	0
6755	0
6756	0
6757	0
6758	0
6759	0
6760	0
6761	0
6762	0
6763	0
6764	0
6765	0
6766	0
6767	0
6768	0
6769	0
6770	0
6771	0
6772	0
6773	0
6774	0
6775	0
6776	0
6777	0
6778	0
6779	0
6780	0
6781	0
6782	0
6783	0
6784	0
6785	0
6786	0
6787	0
6788	0
6789	0
6790	0
6791	0
6792	0
6793	0
6794	0
6795	0
6796	0
6797	0
6798	0
6799	0
6800	0
6801	0
6802	0
6803	0
6804	0
6805	0
6806	0
6807	0
6808	0
6809	0
6810	0
6811	0
6812	0
6813	0
6814	0
6815	0
6816	0
6817	0
6818	0
6819	0
6820	0
6821	0
6822	0
6823	0
6824	0
6825	0
6826	0
6827	0
6828	0
6829	0
6830	0
6831	0
6832	0
6833	0
6834	0
6835	0
6836	0
6837	0
6838	0
6839	0
6840	0
6841	0
6842	0
6843	0
6844	0
6845	0
6846	0
6847	0
6848	0
6849	0
6850	0
6851	0
6852	0
6853	0
6854	0
6855	0
6856	0
6857	0
6858	0
6859	0
6860	0
6861	0
6862	0
6863	0
6864	0
6865	0
6866	0
6867	0
6868	0
6869	0
6870	0
6871	0
6872	0
6873	0
6874	0
6875	0
6876	0
6877	0
6878	0
6879	0
6880	0
6881	0
6882	0
6883	0
6884	0
6885	0
6886	0
6887	0
6888	0
6889	0
6890	0
6891	0
6892	0
6893	0
6894	0
6895	0
6896	0
6897	0
6898	0
6899	0
6900	0
6901	0
6902	0
6903	0
6904	0
6905	0
6906	0
6907	0
6908	0
6909	0
6910	0
6911	0
6912	0
6913	0
6914	0
6915	0
6916	0
6917	0
6918	0
6919	0
6920	0
6921	0
6922	0
6923	0
6924	0
6925	0
6926	0
6927	0
6928	0
6929	0
6930	0
6931	0
6932	0
6933	0
6934	0
6935	0
6936	0
6937	0
6938	0
6939	0
6940	0
6941	0
6942	0
6943	0
6944	0
6945	0
6946	0
6947	0
6948	0
6949	0
6950	0
6951	0
6952	0
6953	0
6954	0
6955	0
6956	0
6957	0
6958	0
6959	0
6960	0
6961	0
6962	0
6963	0
6964	0
6965	0
6966	0
6967	0
6968	0
6969	0
6970	0
6971	0
6972	0
6973	0
6974	0
6975	0
6976	0
6977	0
6978	0
6979	0
6980	0
6981	0
6982	0
6983	0
6984	0
6985	0
6986	0
6987	0
6988	0
6989	0
6990	0
6991	0
6992	0
6993	0
6994	0
6995	0
6996	0
6997	0
6998	0
6999	0
7000	0
7001	0
7002	0
7003	0
7004	0
7005	0
7006	0
7007	0
7008	0
7009	0
7010	0
7011	0
7012	0
7013	0
7014	0
7015	0
7016	0
7017	0
7018	0
7019	0
7020	0
7021	0
7022	0
7023	0
7024	0
7025	0
7026	0
7027	0
7028	0
7029	0
7030	0
7031	0
7032	0
7033	0
7034	0
7035	0
7036	0
7037	0
7038	0
7039	0
7040	0
7041	0
7042	0
7043	0
7044	0
7045	0
7046	0
7047	0
7048	0
7049	0
7050	0
7051	0
7052	0
7053	0
7054	0
7055	0
7056	0
7057	0
7058	0
7059	0
7060	0
7061	0
7062	0
7063	0
7064	0
7065	0
7066	0
7067	0
7068	0
7069	0
7070	0
7071	0
7072	0
7073	0
7074	0
7075	0
7076	0
7077	0
7078	0
7079	0
7080	0
7081	0
7082	0
7083	0
7084	0
7085	0
7086	0
7087	0
7088	0
7089	0
7090	0
7091	0
7092	0
7093	0
7094	0
7095	0
7096	0
7097	0
7098	0
7099	0
7100	0
7101	0
7102	0
7103	0
7104	0
7105	0
7106	0
7107	0
7108	0
7109	0
7110	0
7111	0
7112	0
7113	0
7114	0
7115	0
7116	0
7117	0
7118	0
7119	0
7120	0
7121	0
7122	0
7123	0
7124	0
7125	0
7126	0
7127	0
7128	0
7129	0
7130	0
7131	0
7132	0
7133	0
7134	0
7135	0
7136	0
7137	0
7138	0
7139	0
7140	0
7141	0
7142	0
7143	0
7144	0
7145	0
7146	0
7147	0
7148	0
7149	0
7150	0
7151	0
7152	0
7153	0
7154	0
7155	0
7156	0
7157	0
7158	0
7159	0
7160	0
7161	0
7162	0
7163	0
7164	0
7165	0
7166	0
7167	0
7168	0
7169	0
7170	0
7171	0
7172	0
7173	0
7174	0
7175	0
7176	0
7177	0
7178	0
7179	0
7180	0
7181	0
7182	0
7183	0
7184	0
7185	0
7186	0
7187	0
7188	0
7189	0
7190	0
7191	0
7192	0
7193	0
7194	0
7195	0
7196	0
7197	0
7198	0
7199	0
7200	0
7201	0
7202	0
7203	0
7204	0
7205	0
7206	0
7207	0
7208	0
7209	0
7210	0
7211	0
7212	0
7213	0
7214	0
7215	0
7216	0
7217	0
7218	0
7219	0
7220	0
7221	0
7222	0
7223	0
7224	0
7225	0
7226	0
7227	0
7228	0
7229	0
7230	0
7231	0
7232	0
7233	0
7234	0
7235	0
7236	0
7237	0
7238	0
7239	0
7240	0
7241	0
7242	0
7243	0
7244	0
7245	0
7246	0
7247	0
7248	0
7249	0
7250	0
7251	0
7252	0
7253	0
7254	0
7255	0
7256	0
7257	0
7258	0
7259	0
7260	0
7261	0
7262	0
7263	0
7264	0
7265	0
7266	0
7267	0
7268	0
7269	0
7270	0
7271	0
7272	0
7273	0
7274	0
7275	0
7276	0
7277	0
7278	0
7279	0
7280	0
7281	0
7282	0
7283	0
7284	0
7285	0
7286	0
7287	0
7288	0
7289	0
7290	0
7291	0
7292	0
7293	0
7294	0
7295	0
7296	0
7297	0
7298	0
7299	0
7300	0
7301	0
7302	0
7303	0
7304	0
7305	0
7306	0
7307	0
7308	0
7309	0
7310	0
7311	0
7312	0
7313	0
7314	0
7315	0
7316	0
7317	0
7318	0
7319	0
7320	0
7321	0
7322	0
7323	0
7324	0
7325	0
7326	0
7327	0
7328	0
7329	0
7330	0
7331	0
7332	0
7333	0
7334	0
7335	0
7336	0
7337	0
7338	0
7339	0
7340	0
7341	0
7342	0
7343	0
7344	0
7345	0
7346	0
7347	0
7348	0
7349	0
7350	0
7351	0
7352	0
7353	0
7354	0
7355	0
7356	0
7357	0
7358	0
7359	0
7360	0
7361	0
7362	0
7363	0
7364	0
7365	0
7366	0
7367	0
7368	0
7369	0
7370	0
7371	0
7372	0
7373	0
7374	0
7375	0
7376	0
7377	0
7378	0
7379	0
7380	0
7381	0
7382	0
7383	0
7384	0
7385	0
7386	0
7387	0
7388	0
7389	0
7390	0
7391	0
7392	0
7393	0
7394	0
7395	0
7396	0
7397	0
7398	0
7399	0
7400	0
7401	0
7402	0
7403	0
7404	0
7405	0
7406	0
7407	0
7408	0
7409	0
7410	0
7411	0
7412	0
7413	0
7414	0
7415	0
7416	0
7417	0
7418	0
7419	0
7420	0
7421	0
7422	0
7423	0
7424	0
7425	0
7426	0
7427	0
7428	0
7429	0
7430	0
7431	0
7432	0
7433	0
7434	0
7435	0
7436	0
7437	0
7438	0
7439	0
7440	0
7441	0
7442	0
7443	0
7444	0
7445	0
7446	0
7447	0
7448	0
7449	0
7450	0
7451	0
7452	0
7453	0
7454	0
7455	0
7456	0
7457	0
7458	0
7459	0
7460	0
7461	0
7462	0
7463	0
7464	0
7465	0
7466	0
7467	0
7468	0
7469	0
7470	0
7471	0
7472	0
7473	0
7474	0
7475	0
7476	0
7477	0
7478	0
7479	0
7480	0
7481	0
7482	0
7483	0
7484	0
7485	0
7486	0
7487	0
7488	0
7489	0
7490	0
7491	0
7492	0
7493	0
7494	0
7495	0
7496	0
7497	0
7498	0
7499	0
7500	0
7501	0
7502	0
7503	0
7504	0
7505	0
7506	0
7507	0
7508	0
7509	0
7510	0
7511	0
7512	0
7513	0
7514	0
7515	0
7516	0
7517	0
7518	0
7519	0
7520	0
7521	0
7522	0
7523	0
7524	0
7525	0
7526	0
7527	0
7528	0
7529	0
7530	0
7531	0
7532	0
7533	0
7534	0
7535	0
7536	0
7537	0
7538	0
7539	0
7540	0
7541	0
7542	0
7543	0
7544	0
7545	0
7546	0
7547	0
7548	0
7549	0
7550	0
7551	0
7552	0
7553	0
7554	0
7555	0
7556	0
7557	0
7558	0
7559	0
7560	0
7561	0
7562	0
7563	0
7564	0
7565	0
7566	0
7567	0
7568	0
7569	0
7570	0
7571	0
7572	0
7573	0
7574	0
7575	0
7576	0
7577	0
7578	0
7579	0
7580	0
7581	0
7582	0
7583	0
7584	0
7585	0
7586	0
7587	0
7588	0
7589	0
7590	0
7591	0
7592	0
7593	0
7594	0
7595	0
7596	0
7597	0
7598	0
7599	0
7600	0
7601	0
7602	0
7603	0
7604	0
7605	0
7606	0
7607	0
7608	0
7609	0
7610	0
7611	0
7612	0
7613	0
7614	0
7615	0
7616	0
7617	0
7618	0
7619	0
7620	0
7621	0
7622	0
7623	0
7624	0
7625	0
7626	0
7627	0
7628	0
7629	0
7630	0
7631	0
7632	0
7633	0
7634	0
7635	0
7636	0
7637	0
7638	0
7639	0
7640	0
7641	0
7642	0
7643	0
7644	0
7645	0
7646	0
7647	0
7648	0
7649	0
7650	0
7651	0
7652	0
7653	0
7654	0
7655	0
7656	0
7657	0
7658	0
7659	0
7660	0
7661	0
7662	0
7663	0
7664	0
7665	0
7666	0
7667	0
7668	0
7669	0
7670	0
7671	0
7672	0
7673	0
7674	0
7675	0
7676	0
7677	0
7678	0
7679	0
7680	0
7681	0
7682	0
7683	0
7684	0
7685	0
7686	0
7687	0
7688	0
7689	0
7690	0
7691	0
7692	0
7693	0
7694	0
7695	0
7696	0
7697	0
7698	0
7699	0
7700	0
7701	0
7702	0
7703	0
7704	0
7705	0
7706	0
7707	0
7708	0
7709	0
7710	0
7711	0
7712	0
7713	0
7714	0
7715	0
7716	0
7717	0
7718	0
7719	0
7720	0
7721	0
7722	0
7723	0
7724	0
7725	0
7726	0
7727	0
7728	0
7729	0
7730	0
7731	0
7732	0
7733	0
7734	0
7735	0
7736	0
7737	0
7738	0
7739	0
7740	0
7741	0
7742	0
7743	0
7744	0
7745	0
7746	0
7747	0
7748	0
7749	0
7750	0
7751	0
7752	0
7753	0
7754	0
7755	0
7756	0
7757	0
7758	0
7759	0
7760	0
7761	0
7762	0
7763	0
7764	0
7765	0
7766	0
7767	0
7768	0
7769	0
7770	0
7771	0
7772	0
7773	0
7774	0
7775	0
7776	0
7777	0
7778	0
7779	0
7780	0
7781	0
7782	0
7783	0
7784	0
7785	0
7786	0
7787	0
7788	0
7789	0
7790	0
7791	0
7792	0
7793	0
7794	0
7795	0
7796	0
7797	0
7798	0
7799	0
7800	0
7801	0
7802	0
7803	0
7804	0
7805	0
7806	0
7807	0
7808	0
7809	0
7810	0
7811	0
7812	0
7813	0
7814	0
7815	0
7816	0
7817	0
7818	0
7819	0
7820	0
7821	0
7822	0
7823	0
7824	0
7825	0
7826	0
7827	0
7828	0
7829	0
7830	0
7831	0
7832	0
7833	0
7834	0
7835	0
7836	0
7837	0
7838	0
7839	0
7840	0
7841	0
7842	0
7843	0
7844	0
7845	0
7846	0
7847	0
7848	0
7849	0
7850	0
7851	0
7852	0
7853	0
7854	0
7855	0
7856	0
7857	0
7858	0
7859	0
7860	0
7861	0
7862	0
7863	0
7864	0
7865	0
7866	0
7867	0
7868	0
7869	0
7870	0
7871	0
7872	0
7873	0
7874	0
7875	0
7876	0
7877	0
7878	0
7879	0
7880	0
7881	0
7882	0
7883	0
7884	0
7885	0
7886	0
7887	0
7888	0
7889	0
7890	0
7891	0
7892	0
7893	0
7894	0
7895	0
7896	0
7897	0
7898	0
7899	0
7900	0
7901	0
7902	0
7903	0
7904	0
7905	0
7906	0
7907	0
7908	0
7909	0
7910	0
7911	0
7912	0
7913	0
7914	0
7915	0
7916	0
7917	0
7918	0
7919	0
7920	0
7921	0
7922	0
7923	0
7924	0
7925	0
7926	0
7927	0
7928	0
7929	0
7930	0
7931	0
7932	0
7933	0
7934	0
7935	0
7936	0
7937	0
7938	0
7939	0
7940	0
7941	0
7942	0
7943	0
7944	0
7945	0
7946	0
7947	0
7948	0
7949	0
7950	0
7951	0
7952	0
7953	0
7954	0
7955	0
7956	0
7957	0
7958	0
7959	0
7960	0
7961	0
7962	0
7963	0
7964	0
7965	0
7966	0
7967	0
7968	0
7969	0
7970	0
7971	0
7972	0
7973	0
7974	0
7975	0
7976	0
7977	0
7978	0
7979	0
7980	0
7981	0
7982	0
7983	0
7984	0
7985	0
7986	0
7987	0
7988	0
7989	0
7990	0
7991	0
7992	0
7993	0
7994	0
7995	0
7996	0
7997	0
7998	0
7999	0
8000	0
8001	0
8002	0
8003	0
8004	0
8005	0
8006	0
8007	0
8008	0
8009	0
8010	0
8011	0
8012	0
8013	0
8014	0
8015	0
8016	0
8017	0
8018	0
8019	0
8020	0
8021	0
8022	0
8023	0
8024	0
8025	0
8026	0
8027	0
8028	0
8029	0
8030	0
8031	0
8032	0
8033	0
8034	0
8035	0
8036	0
8037	0
8038	0
8039	0
8040	0
8041	0
8042	0
8043	0
8044	0
8045	0
8046	0
8047	0
8048	0
8049	0
8050	0
8051	0
8052	0
8053	0
8054	0
8055	0
8056	0
8057	0
8058	0
8059	0
8060	0
8061	0
8062	0
8063	0
8064	0
8065	0
8066	0
8067	0
8068	0
8069	0
8070	0
8071	0
8072	0
8073	0
8074	0
8075	0
8076	0
8077	0
8078	0
8079	0
8080	0
8081	0
8082	0
8083	0
8084	0
8085	0
8086	0
8087	0
8088	0
8089	0
8090	0
8091	0
8092	0
8093	0
8094	0
8095	0
8096	0
8097	0
8098	0
8099	0
8100	0
8101	0
8102	0
8103	0
8104	0
8105	0
8106	0
8107	0
8108	0
8109	0
8110	0
8111	0
8112	0
8113	0
8114	0
8115	0
8116	0
8117	0
8118	0
8119	0
8120	0
8121	0
8122	0
8123	0
8124	0
8125	0
8126	0
8127	0
8128	0
8129	0
8130	0
8131	0
8132	0
8133	0
8134	0
8135	0
8136	0
8137	0
8138	0
8139	0
8140	0
8141	0
8142	0
8143	0
8144	0
8145	0
8146	0
8147	0
8148	0
8149	0
8150	0
8151	0
8152	0
8153	0
8154	0
8155	0
8156	0
8157	0
8158	0
8159	0
8160	0
8161	0
8162	0
8163	0
8164	0
8165	0
8166	0
8167	0
8168	0
8169	0
8170	0
8171	0
8172	0
8173	0
8174	0
8175	0
8176	0
8177	0
8178	0
8179	0
8180	0
8181	0
8182	0
8183	0
8184	0
8185	0
8186	0
8187	0
8188	0
8189	0
8190	0
8191	0
