0	1
1	0
2	0
3	0
4	0
5	0
6	0
7	0
8	0
9	1
10	0
11	2
12	0
13	0
14	1
15	0
16	0
17	0
18	0
19	0
20	2
21	0
22	0
23	0
24	3
25	0
26	0
27	0
28	0
29	1
30	0
31	0
32	0
33	0
34	0
35	1
36	1
37	3
38	1
39	1
40	1
41	3
42	0
43	0
44	1
45	1
46	4
47	2
48	0
49	1
50	0
51	2
52	1
53	1
54	2
55	2
56	1
57	3
58	0
59	1
60	2
61	0
62	1
63	1
64	1
65	3
66	0
67	1
68	2
69	2
70	3
71	6
72	2
73	3
74	1
75	0
76	0
77	3
78	3
79	0
80	1
81	4
82	3
83	1
84	0
85	1
86	0
87	2
88	4
89	1
90	3
91	2
92	2
93	3
94	1
95	1
96	3
97	2
98	1
99	1
100	5
101	3
102	4
103	2
104	4
105	16
106	21
107	22
108	18
109	18
110	19
111	15
112	12
113	20
114	16
115	18
116	18
117	23
118	22
119	29
120	20
121	26
122	22
123	18
124	25
125	25
126	19
127	21
128	26
129	17
130	19
131	18
132	27
133	22
134	26
135	23
136	21
137	28
138	19
139	24
140	23
141	27
142	26
143	24
144	25
145	22
146	21
147	32
148	24
149	17
150	16
151	17
152	31
153	18
154	16
155	35
156	23
157	24
158	18
159	23
160	21
161	21
162	21
163	20
164	14
165	20
166	26
167	24
168	21
169	22
170	18
171	16
172	25
173	29
174	24
175	22
176	28
177	24
178	18
179	22
180	27
181	18
182	20
183	13
184	18
185	15
186	30
187	20
188	22
189	17
190	36
191	21
192	19
193	17
194	19
195	26
196	22
197	23
198	17
199	15
200	20
201	20
202	18
203	24
204	20
205	26
206	18
207	19
208	19
209	16
210	23
211	25
212	15
213	17
214	21
215	22
216	23
217	20
218	12
219	18
220	23
221	24
222	21
223	26
224	25
225	17
226	15
227	29
228	28
229	18
230	15
231	27
232	20
233	24
234	23
235	23
236	27
237	13
238	26
239	21
240	23
241	23
242	22
243	26
244	22
245	23
246	29
247	29
248	36
249	32
250	25
251	31
252	25
253	25
254	33
255	28
256	29
257	26
258	22
259	26
260	29
261	36
262	24
263	26
264	35
265	29
266	32
267	33
268	40
269	37
270	22
271	35
272	27
273	32
274	30
275	32
276	24
277	34
278	39
279	37
280	26
281	33
282	41
283	40
284	37
285	38
286	34
287	43
288	37
289	43
290	37
291	26
292	30
293	37
294	44
295	33
296	36
297	44
298	36
299	30
300	49
301	32
302	45
303	39
304	45
305	35
306	33
307	28
308	45
309	52
310	36
311	37
312	40
313	46
314	39
315	34
316	48
317	37
318	49
319	40
320	33
321	40
322	39
323	32
324	54
325	36
326	39
327	54
328	47
329	35
330	48
331	39
332	42
333	49
334	37
335	52
336	38
337	42
338	41
339	50
340	51
341	50
342	46
343	58
344	44
345	40
346	58
347	49
348	47
349	45
350	49
351	44
352	41
353	51
354	51
355	45
356	51
357	46
358	55
359	48
360	49
361	45
362	42
363	42
364	53
365	45
366	48
367	36
368	51
369	52
370	57
371	38
372	38
373	42
374	35
375	48
376	46
377	38
378	53
379	48
380	36
381	46
382	55
383	44
384	40
385	51
386	48
387	38
388	41
389	54
390	52
391	49
392	39
393	41
394	61
395	42
396	47
397	41
398	35
399	50
400	55
401	67
402	54
403	47
404	45
405	42
406	47
407	57
408	50
409	52
410	39
411	45
412	56
413	48
414	52
415	58
416	60
417	49
418	51
419	42
420	36
421	49
422	44
423	54
424	54
425	48
426	50
427	49
428	39
429	48
430	39
431	60
432	53
433	42
434	47
435	54
436	41
437	38
438	34
439	54
440	45
441	38
442	45
443	57
444	45
445	51
446	51
447	51
448	44
449	53
450	38
451	49
452	49
453	53
454	56
455	35
456	47
457	50
458	49
459	43
460	45
461	39
462	49
463	42
464	39
465	53
466	57
467	49
468	47
469	39
470	34
471	44
472	36
473	44
474	49
475	48
476	48
477	58
478	40
479	40
480	54
481	52
482	50
483	53
484	49
485	40
486	57
487	47
488	59
489	47
490	57
491	47
492	39
493	46
494	37
495	46
496	40
497	48
498	42
499	43
500	55
501	35
502	45
503	48
504	50
505	40
506	60
507	51
508	49
509	49
510	44
511	52
512	50
513	59
514	45
515	37
516	46
517	33
518	49
519	57
520	40
521	51
522	64
523	37
524	51
525	37
526	34
527	49
528	59
529	55
530	46
531	57
532	55
533	42
534	54
535	52
536	52
537	43
538	50
539	38
540	42
541	43
542	55
543	46
544	45
545	59
546	40
547	42
548	45
549	59
550	34
551	46
552	55
553	48
554	53
555	55
556	53
557	53
558	61
559	55
560	51
561	57
562	46
563	49
564	47
565	45
566	43
567	38
568	53
569	51
570	47
571	48
572	46
573	45
574	38
575	46
576	59
577	49
578	55
579	36
580	59
581	63
582	47
583	54
584	54
585	50
586	41
587	53
588	65
589	47
590	55
591	49
592	49
593	35
594	40
595	52
596	53
597	43
598	38
599	56
600	45
601	46
602	39
603	54
604	49
605	48
606	54
607	33
608	53
609	38
610	68
611	37
612	56
613	51
614	43
615	53
616	57
617	76
618	40
619	47
620	59
621	46
622	38
623	63
624	39
625	42
626	38
627	43
628	64
629	44
630	53
631	46
632	45
633	45
634	44
635	49
636	46
637	48
638	43
639	38
640	50
641	47
642	61
643	51
644	57
645	59
646	54
647	51
648	47
649	45
650	53
651	43
652	41
653	49
654	51
655	46
656	55
657	53
658	61
659	54
660	56
661	59
662	40
663	45
664	40
665	66
666	59
667	63
668	57
669	62
670	54
671	42
672	53
673	43
674	53
675	49
676	47
677	57
678	63
679	47
680	52
681	39
682	54
683	63
684	45
685	43
686	54
687	61
688	60
689	44
690	55
691	52
692	47
693	56
694	42
695	50
696	55
697	23
698	54
699	40
700	56
701	46
702	50
703	51
704	47
705	47
706	49
707	41
708	38
709	52
710	48
711	54
712	49
713	48
714	42
715	45
716	60
717	61
718	46
719	51
720	50
721	64
722	59
723	44
724	51
725	47
726	67
727	64
728	46
729	45
730	62
731	55
732	35
733	55
734	45
735	49
736	60
737	49
738	60
739	43
740	46
741	56
742	58
743	76
744	50
745	71
746	55
747	68
748	63
749	52
750	64
751	40
752	47
753	50
754	55
755	59
756	67
757	55
758	60
759	47
760	49
761	58
762	63
763	57
764	60
765	58
766	47
767	61
768	60
769	49
770	66
771	58
772	56
773	53
774	52
775	52
776	65
777	69
778	61
779	54
780	54
781	65
782	52
783	53
784	65
785	64
786	62
787	63
788	70
789	65
790	68
791	65
792	58
793	59
794	59
795	54
796	52
797	59
798	50
799	69
800	55
801	53
802	63
803	53
804	62
805	44
806	65
807	68
808	64
809	76
810	62
811	72
812	61
813	69
814	67
815	64
816	59
817	57
818	74
819	72
820	75
821	60
822	64
823	68
824	66
825	65
826	61
827	66
828	73
829	68
830	63
831	62
832	57
833	67
834	70
835	56
836	75
837	69
838	66
839	61
840	76
841	72
842	68
843	73
844	80
845	67
846	72
847	70
848	61
849	82
850	85
851	71
852	64
853	76
854	72
855	69
856	63
857	85
858	50
859	74
860	47
861	62
862	69
863	87
864	58
865	65
866	86
867	55
868	80
869	74
870	69
871	71
872	70
873	70
874	86
875	68
876	84
877	87
878	83
879	90
880	108
881	77
882	70
883	82
884	68
885	69
886	76
887	73
888	82
889	78
890	78
891	73
892	68
893	80
894	70
895	72
896	63
897	60
898	75
899	63
900	65
901	64
902	71
903	66
904	58
905	68
906	74
907	71
908	75
909	81
910	74
911	61
912	59
913	68
914	66
915	56
916	54
917	66
918	73
919	73
920	81
921	84
922	79
923	67
924	78
925	69
926	70
927	70
928	60
929	78
930	71
931	65
932	68
933	69
934	54
935	65
936	58
937	67
938	77
939	64
940	62
941	68
942	64
943	66
944	60
945	70
946	69
947	74
948	70
949	60
950	64
951	60
952	59
953	64
954	74
955	57
956	74
957	65
958	73
959	58
960	58
961	63
962	63
963	64
964	57
965	51
966	75
967	50
968	58
969	63
970	53
971	62
972	65
973	59
974	61
975	49
976	63
977	61
978	45
979	60
980	67
981	61
982	70
983	70
984	56
985	45
986	60
987	55
988	69
989	43
990	47
991	54
992	61
993	63
994	54
995	51
996	59
997	55
998	56
999	53
1000	54
1001	57
1002	53
1003	60
1004	58
1005	48
1006	53
1007	48
1008	52
1009	57
1010	44
1011	62
1012	50
1013	60
1014	50
1015	53
1016	52
1017	57
1018	43
1019	50
1020	47
1021	53
1022	57
1023	44
1024	53
1025	48
1026	60
1027	47
1028	53
1029	43
1030	51
1031	52
1032	46
1033	50
1034	57
1035	60
1036	58
1037	59
1038	56
1039	52
1040	56
1041	58
1042	57
1043	45
1044	55
1045	51
1046	51
1047	69
1048	46
1049	55
1050	51
1051	55
1052	53
1053	55
1054	43
1055	52
1056	47
1057	50
1058	54
1059	45
1060	59
1061	64
1062	51
1063	58
1064	40
1065	56
1066	52
1067	59
1068	47
1069	57
1070	61
1071	58
1072	47
1073	55
1074	53
1075	53
1076	44
1077	59
1078	59
1079	60
1080	70
1081	54
1082	55
1083	55
1084	68
1085	56
1086	52
1087	44
1088	58
1089	51
1090	49
1091	61
1092	57
1093	54
1094	49
1095	45
1096	53
1097	64
1098	51
1099	57
1100	61
1101	52
1102	54
1103	66
1104	63
1105	47
1106	62
1107	66
1108	58
1109	56
1110	58
1111	71
1112	77
1113	60
1114	53
1115	59
1116	49
1117	69
1118	55
1119	73
1120	65
1121	75
1122	50
1123	67
1124	54
1125	52
1126	69
1127	63
1128	73
1129	70
1130	64
1131	65
1132	63
1133	47
1134	63
1135	57
1136	61
1137	62
1138	52
1139	71
1140	78
1141	69
1142	71
1143	80
1144	70
1145	65
1146	84
1147	65
1148	73
1149	71
1150	76
1151	75
1152	64
1153	58
1154	86
1155	74
1156	65
1157	77
1158	71
1159	61
1160	73
1161	78
1162	77
1163	65
1164	89
1165	69
1166	83
1167	69
1168	64
1169	74
1170	91
1171	98
1172	85
1173	81
1174	71
1175	83
1176	100
1177	86
1178	67
1179	84
1180	94
1181	102
1182	96
1183	97
1184	101
1185	90
1186	90
1187	92
1188	104
1189	108
1190	86
1191	101
1192	72
1193	99
1194	114
1195	99
1196	114
1197	97
1198	105
1199	92
1200	87
1201	109
1202	95
1203	102
1204	109
1205	107
1206	97
1207	100
1208	122
1209	116
1210	127
1211	95
1212	110
1213	117
1214	102
1215	113
1216	116
1217	109
1218	117
1219	110
1220	124
1221	150
1222	112
1223	118
1224	133
1225	116
1226	125
1227	138
1228	121
1229	121
1230	120
1231	130
1232	129
1233	119
1234	144
1235	136
1236	105
1237	131
1238	119
1239	130
1240	135
1241	110
1242	136
1243	125
1244	111
1245	145
1246	137
1247	140
1248	143
1249	119
1250	137
1251	154
1252	132
1253	159
1254	134
1255	138
1256	133
1257	147
1258	155
1259	163
1260	141
1261	157
1262	152
1263	158
1264	161
1265	158
1266	144
1267	177
1268	148
1269	166
1270	158
1271	158
1272	158
1273	182
1274	154
1275	161
1276	166
1277	154
1278	150
1279	165
1280	168
1281	166
1282	174
1283	160
1284	180
1285	187
1286	183
1287	169
1288	164
1289	223
1290	170
1291	191
1292	168
1293	168
1294	168
1295	176
1296	175
1297	203
1298	208
1299	198
1300	171
1301	210
1302	186
1303	201
1304	179
1305	198
1306	195
1307	206
1308	190
1309	178
1310	181
1311	207
1312	211
1313	211
1314	209
1315	198
1316	205
1317	203
1318	210
1319	196
1320	176
1321	190
1322	236
1323	221
1324	193
1325	206
1326	246
1327	207
1328	201
1329	226
1330	221
1331	209
1332	211
1333	230
1334	198
1335	200
1336	211
1337	239
1338	234
1339	204
1340	207
1341	210
1342	247
1343	219
1344	238
1345	226
1346	230
1347	208
1348	249
1349	207
1350	222
1351	199
1352	228
1353	224
1354	228
1355	225
1356	247
1357	229
1358	221
1359	221
1360	226
1361	221
1362	230
1363	224
1364	213
1365	220
1366	254
1367	230
1368	251
1369	248
1370	223
1371	240
1372	270
1373	237
1374	233
1375	223
1376	240
1377	219
1378	225
1379	271
1380	250
1381	270
1382	235
1383	243
1384	232
1385	245
1386	238
1387	235
1388	239
1389	258
1390	273
1391	246
1392	254
1393	233
1394	242
1395	248
1396	240
1397	240
1398	234
1399	237
1400	266
1401	249
1402	264
1403	250
1404	283
1405	262
1406	238
1407	239
1408	274
1409	275
1410	253
1411	263
1412	232
1413	271
1414	269
1415	269
1416	259
1417	241
1418	247
1419	250
1420	269
1421	238
1422	276
1423	272
1424	265
1425	257
1426	254
1427	243
1428	271
1429	243
1430	263
1431	248
1432	217
1433	235
1434	227
1435	276
1436	237
1437	267
1438	273
1439	266
1440	267
1441	245
1442	230
1443	225
1444	272
1445	255
1446	279
1447	247
1448	256
1449	257
1450	244
1451	241
1452	251
1453	262
1454	259
1455	279
1456	251
1457	235
1458	256
1459	266
1460	252
1461	265
1462	251
1463	256
1464	246
1465	263
1466	267
1467	275
1468	259
1469	260
1470	283
1471	243
1472	220
1473	254
1474	260
1475	245
1476	262
1477	256
1478	278
1479	262
1480	240
1481	243
1482	261
1483	250
1484	261
1485	290
1486	269
1487	250
1488	249
1489	238
1490	262
1491	248
1492	240
1493	239
1494	252
1495	246
1496	244
1497	252
1498	247
1499	253
1500	231
1501	262
1502	248
1503	240
1504	264
1505	259
1506	254
1507	244
1508	254
1509	259
1510	253
1511	239
1512	252
1513	259
1514	227
1515	239
1516	268
1517	250
1518	263
1519	222
1520	218
1521	232
1522	253
1523	265
1524	260
1525	237
1526	234
1527	225
1528	246
1529	241
1530	240
1531	226
1532	247
1533	238
1534	235
1535	267
1536	239
1537	215
1538	244
1539	208
1540	247
1541	230
1542	247
1543	241
1544	221
1545	247
1546	228
1547	223
1548	242
1549	228
1550	249
1551	230
1552	256
1553	232
1554	218
1555	211
1556	225
1557	254
1558	238
1559	244
1560	239
1561	247
1562	199
1563	253
1564	235
1565	235
1566	218
1567	189
1568	216
1569	230
1570	217
1571	228
1572	208
1573	220
1574	227
1575	235
1576	259
1577	244
1578	227
1579	240
1580	222
1581	229
1582	221
1583	234
1584	209
1585	228
1586	237
1587	242
1588	228
1589	230
1590	230
1591	223
1592	225
1593	255
1594	204
1595	216
1596	249
1597	234
1598	216
1599	214
1600	212
1601	217
1602	205
1603	232
1604	193
1605	203
1606	239
1607	206
1608	236
1609	214
1610	246
1611	215
1612	191
1613	207
1614	232
1615	230
1616	220
1617	207
1618	232
1619	233
1620	209
1621	230
1622	229
1623	229
1624	239
1625	207
1626	237
1627	207
1628	250
1629	201
1630	212
1631	231
1632	232
1633	204
1634	214
1635	226
1636	226
1637	200
1638	224
1639	202
1640	228
1641	223
1642	209
1643	215
1644	203
1645	252
1646	205
1647	234
1648	217
1649	213
1650	209
1651	225
1652	221
1653	223
1654	191
1655	201
1656	217
1657	209
1658	198
1659	208
1660	207
1661	229
1662	196
1663	215
1664	192
1665	197
1666	248
1667	211
1668	208
1669	220
1670	199
1671	219
1672	204
1673	234
1674	216
1675	221
1676	238
1677	214
1678	221
1679	201
1680	216
1681	244
1682	222
1683	224
1684	218
1685	209
1686	212
1687	207
1688	215
1689	238
1690	218
1691	201
1692	204
1693	243
1694	228
1695	228
1696	210
1697	225
1698	197
1699	216
1700	219
1701	214
1702	176
1703	248
1704	216
1705	215
1706	217
1707	236
1708	267
1709	207
1710	225
1711	196
1712	209
1713	204
1714	214
1715	229
1716	192
1717	209
1718	176
1719	217
1720	214
1721	199
1722	234
1723	236
1724	208
1725	252
1726	224
1727	230
1728	193
1729	223
1730	192
1731	231
1732	219
1733	239
1734	234
1735	205
1736	194
1737	206
1738	225
1739	234
1740	228
1741	211
1742	220
1743	220
1744	226
1745	225
1746	200
1747	196
1748	217
1749	214
1750	218
1751	189
1752	196
1753	226
1754	212
1755	200
1756	242
1757	219
1758	204
1759	253
1760	230
1761	220
1762	234
1763	201
1764	201
1765	236
1766	210
1767	246
1768	225
1769	215
1770	218
1771	212
1772	219
1773	212
1774	196
1775	210
1776	226
1777	210
1778	191
1779	222
1780	236
1781	218
1782	224
1783	217
1784	230
1785	221
1786	199
1787	223
1788	230
1789	212
1790	210
1791	204
1792	237
1793	226
1794	216
1795	222
1796	193
1797	210
1798	220
1799	245
1800	236
1801	229
1802	226
1803	215
1804	205
1805	226
1806	230
1807	248
1808	217
1809	234
1810	223
1811	217
1812	212
1813	219
1814	221
1815	217
1816	245
1817	236
1818	203
1819	206
1820	225
1821	218
1822	251
1823	213
1824	215
1825	232
1826	213
1827	212
1828	214
1829	204
1830	226
1831	227
1832	232
1833	219
1834	220
1835	227
1836	245
1837	218
1838	267
1839	205
1840	223
1841	224
1842	217
1843	206
1844	224
1845	220
1846	239
1847	231
1848	209
1849	234
1850	249
1851	206
1852	215
1853	221
1854	222
1855	245
1856	211
1857	227
1858	228
1859	208
1860	245
1861	238
1862	205
1863	230
1864	242
1865	234
1866	243
1867	233
1868	216
1869	198
1870	217
1871	260
1872	201
1873	224
1874	212
1875	231
1876	236
1877	237
1878	222
1879	267
1880	245
1881	233
1882	224
1883	231
1884	225
1885	232
1886	238
1887	230
1888	236
1889	251
1890	230
1891	217
1892	240
1893	228
1894	220
1895	253
1896	223
1897	239
1898	219
1899	202
1900	253
1901	217
1902	237
1903	218
1904	233
1905	217
1906	216
1907	230
1908	216
1909	209
1910	249
1911	227
1912	250
1913	222
1914	219
1915	222
1916	258
1917	239
1918	219
1919	248
1920	223
1921	212
1922	236
1923	211
1924	221
1925	221
1926	227
1927	231
1928	231
1929	249
1930	252
1931	221
1932	235
1933	210
1934	280
1935	237
1936	233
1937	239
1938	249
1939	256
1940	230
1941	253
1942	237
1943	232
1944	250
1945	233
1946	211
1947	228
1948	246
1949	208
1950	232
1951	270
1952	229
1953	234
1954	237
1955	222
1956	228
1957	239
1958	227
1959	236
1960	231
1961	217
1962	230
1963	267
1964	241
1965	247
1966	246
1967	230
1968	241
1969	249
1970	239
1971	218
1972	257
1973	227
1974	236
1975	222
1976	225
1977	226
1978	220
1979	258
1980	229
1981	237
1982	229
1983	221
1984	234
1985	207
1986	238
1987	219
1988	239
1989	262
1990	221
1991	232
1992	272
1993	242
1994	239
1995	213
1996	237
1997	220
1998	250
1999	241
2000	231
2001	233
2002	249
2003	226
2004	229
2005	243
2006	201
2007	227
2008	222
2009	240
2010	237
2011	219
2012	254
2013	236
2014	222
2015	236
2016	214
2017	216
2018	263
2019	230
2020	233
2021	235
2022	213
2023	212
2024	250
2025	222
2026	269
2027	240
2028	261
2029	244
2030	230
2031	236
2032	235
2033	220
2034	247
2035	238
2036	227
2037	261
2038	253
2039	242
2040	216
2041	250
2042	219
2043	240
2044	225
2045	233
2046	211
2047	203
2048	249
2049	207
2050	244
2051	230
2052	219
2053	249
2054	209
2055	222
2056	206
2057	233
2058	246
2059	236
2060	242
2061	209
2062	250
2063	219
2064	242
2065	211
2066	246
2067	219
2068	241
2069	216
2070	235
2071	237
2072	219
2073	210
2074	202
2075	234
2076	244
2077	220
2078	230
2079	239
2080	243
2081	208
2082	249
2083	246
2084	189
2085	252
2086	213
2087	233
2088	206
2089	208
2090	222
2091	213
2092	269
2093	213
2094	224
2095	218
2096	235
2097	199
2098	225
2099	199
2100	229
2101	230
2102	211
2103	246
2104	235
2105	217
2106	226
2107	221
2108	218
2109	233
2110	258
2111	206
2112	240
2113	222
2114	243
2115	241
2116	215
2117	219
2118	219
2119	242
2120	226
2121	236
2122	214
2123	247
2124	230
2125	242
2126	226
2127	249
2128	235
2129	223
2130	230
2131	228
2132	235
2133	239
2134	198
2135	215
2136	214
2137	216
2138	272
2139	229
2140	229
2141	235
2142	216
2143	240
2144	212
2145	226
2146	207
2147	223
2148	220
2149	205
2150	239
2151	228
2152	238
2153	217
2154	230
2155	201
2156	230
2157	236
2158	230
2159	214
2160	221
2161	207
2162	219
2163	230
2164	228
2165	234
2166	254
2167	233
2168	253
2169	212
2170	227
2171	219
2172	231
2173	231
2174	212
2175	215
2176	210
2177	225
2178	208
2179	248
2180	203
2181	226
2182	227
2183	253
2184	230
2185	207
2186	236
2187	257
2188	195
2189	208
2190	240
2191	243
2192	215
2193	220
2194	203
2195	224
2196	220
2197	225
2198	227
2199	240
2200	250
2201	222
2202	211
2203	191
2204	222
2205	219
2206	228
2207	225
2208	219
2209	227
2210	220
2211	207
2212	236
2213	207
2214	231
2215	196
2216	225
2217	193
2218	204
2219	236
2220	238
2221	215
2222	224
2223	238
2224	236
2225	206
2226	234
2227	226
2228	220
2229	213
2230	216
2231	198
2232	217
2233	228
2234	237
2235	212
2236	223
2237	213
2238	193
2239	216
2240	239
2241	251
2242	203
2243	194
2244	233
2245	220
2246	207
2247	192
2248	198
2249	205
2250	194
2251	209
2252	191
2253	217
2254	232
2255	211
2256	218
2257	241
2258	242
2259	202
2260	215
2261	218
2262	198
2263	208
2264	223
2265	203
2266	197
2267	230
2268	233
2269	200
2270	199
2271	198
2272	204
2273	191
2274	201
2275	246
2276	208
2277	192
2278	204
2279	179
2280	221
2281	212
2282	209
2283	196
2284	209
2285	197
2286	198
2287	208
2288	184
2289	216
2290	222
2291	231
2292	214
2293	206
2294	191
2295	214
2296	239
2297	187
2298	220
2299	212
2300	207
2301	232
2302	216
2303	213
2304	207
2305	217
2306	222
2307	199
2308	215
2309	231
2310	207
2311	216
2312	220
2313	198
2314	220
2315	228
2316	222
2317	216
2318	225
2319	196
2320	194
2321	226
2322	214
2323	222
2324	228
2325	198
2326	201
2327	204
2328	230
2329	182
2330	210
2331	212
2332	201
2333	207
2334	191
2335	213
2336	223
2337	237
2338	230
2339	193
2340	201
2341	213
2342	206
2343	215
2344	219
2345	203
2346	216
2347	205
2348	194
2349	215
2350	204
2351	191
2352	181
2353	215
2354	205
2355	181
2356	208
2357	214
2358	200
2359	210
2360	202
2361	233
2362	199
2363	197
2364	213
2365	220
2366	192
2367	219
2368	237
2369	175
2370	222
2371	213
2372	206
2373	203
2374	208
2375	213
2376	202
2377	196
2378	203
2379	234
2380	191
2381	202
2382	230
2383	202
2384	192
2385	224
2386	211
2387	187
2388	183
2389	214
2390	219
2391	191
2392	184
2393	211
2394	210
2395	207
2396	232
2397	231
2398	210
2399	196
2400	220
2401	177
2402	220
2403	189
2404	203
2405	208
2406	203
2407	234
2408	214
2409	201
2410	209
2411	174
2412	225
2413	199
2414	204
2415	201
2416	196
2417	200
2418	179
2419	213
2420	187
2421	185
2422	185
2423	175
2424	201
2425	209
2426	209
2427	183
2428	189
2429	226
2430	192
2431	197
2432	192
2433	210
2434	217
2435	201
2436	184
2437	200
2438	198
2439	175
2440	217
2441	199
2442	209
2443	204
2444	203
2445	199
2446	205
2447	221
2448	208
2449	187
2450	196
2451	215
2452	209
2453	216
2454	197
2455	201
2456	186
2457	195
2458	189
2459	194
2460	185
2461	189
2462	202
2463	210
2464	187
2465	203
2466	185
2467	202
2468	204
2469	184
2470	211
2471	207
2472	178
2473	178
2474	215
2475	194
2476	223
2477	223
2478	192
2479	203
2480	189
2481	189
2482	204
2483	198
2484	220
2485	198
2486	220
2487	230
2488	193
2489	180
2490	204
2491	201
2492	213
2493	226
2494	185
2495	193
2496	189
2497	214
2498	195
2499	194
2500	218
2501	185
2502	177
2503	188
2504	228
2505	212
2506	218
2507	187
2508	214
2509	192
2510	216
2511	193
2512	187
2513	176
2514	208
2515	184
2516	232
2517	205
2518	201
2519	200
2520	233
2521	217
2522	196
2523	185
2524	198
2525	203
2526	205
2527	201
2528	217
2529	216
2530	211
2531	232
2532	203
2533	207
2534	202
2535	210
2536	212
2537	220
2538	212
2539	215
2540	220
2541	180
2542	217
2543	201
2544	202
2545	224
2546	183
2547	200
2548	209
2549	204
2550	233
2551	213
2552	225
2553	209
2554	215
2555	207
2556	189
2557	209
2558	219
2559	219
2560	208
2561	218
2562	201
2563	212
2564	207
2565	230
2566	216
2567	216
2568	206
2569	228
2570	204
2571	219
2572	228
2573	222
2574	199
2575	212
2576	187
2577	229
2578	206
2579	214
2580	226
2581	223
2582	186
2583	204
2584	212
2585	192
2586	237
2587	222
2588	213
2589	220
2590	236
2591	230
2592	215
2593	258
2594	239
2595	234
2596	236
2597	226
2598	224
2599	207
2600	226
2601	232
2602	221
2603	239
2604	247
2605	206
2606	220
2607	230
2608	226
2609	250
2610	235
2611	246
2612	234
2613	239
2614	222
2615	245
2616	247
2617	222
2618	212
2619	251
2620	245
2621	234
2622	227
2623	237
2624	259
2625	218
2626	234
2627	252
2628	247
2629	236
2630	247
2631	226
2632	274
2633	262
2634	261
2635	241
2636	269
2637	260
2638	250
2639	244
2640	246
2641	221
2642	248
2643	267
2644	254
2645	238
2646	253
2647	254
2648	230
2649	262
2650	239
2651	283
2652	227
2653	269
2654	273
2655	261
2656	276
2657	286
2658	267
2659	262
2660	278
2661	249
2662	251
2663	285
2664	254
2665	273
2666	269
2667	265
2668	319
2669	271
2670	251
2671	257
2672	260
2673	285
2674	287
2675	277
2676	306
2677	296
2678	307
2679	300
2680	285
2681	267
2682	311
2683	288
2684	317
2685	276
2686	288
2687	291
2688	294
2689	333
2690	300
2691	307
2692	310
2693	278
2694	324
2695	319
2696	317
2697	294
2698	306
2699	321
2700	303
2701	323
2702	307
2703	297
2704	338
2705	299
2706	298
2707	314
2708	299
2709	306
2710	316
2711	309
2712	345
2713	329
2714	316
2715	335
2716	318
2717	311
2718	315
2719	362
2720	333
2721	331
2722	348
2723	349
2724	333
2725	337
2726	352
2727	346
2728	346
2729	336
2730	336
2731	357
2732	383
2733	364
2734	382
2735	352
2736	347
2737	387
2738	342
2739	384
2740	326
2741	389
2742	367
2743	379
2744	389
2745	365
2746	415
2747	372
2748	351
2749	393
2750	392
2751	413
2752	388
2753	393
2754	388
2755	389
2756	397
2757	427
2758	393
2759	413
2760	375
2761	395
2762	387
2763	411
2764	392
2765	436
2766	382
2767	400
2768	416
2769	436
2770	422
2771	419
2772	455
2773	419
2774	420
2775	410
2776	430
2777	433
2778	441
2779	407
2780	438
2781	432
2782	441
2783	424
2784	463
2785	417
2786	414
2787	475
2788	404
2789	435
2790	474
2791	422
2792	433
2793	466
2794	466
2795	452
2796	441
2797	445
2798	470
2799	466
2800	491
2801	474
2802	461
2803	477
2804	502
2805	493
2806	434
2807	492
2808	488
2809	480
2810	487
2811	445
2812	492
2813	491
2814	512
2815	508
2816	472
2817	538
2818	513
2819	536
2820	535
2821	517
2822	480
2823	497
2824	508
2825	551
2826	504
2827	525
2828	558
2829	499
2830	500
2831	496
2832	526
2833	505
2834	501
2835	501
2836	508
2837	529
2838	535
2839	569
2840	513
2841	524
2842	522
2843	547
2844	548
2845	573
2846	546
2847	569
2848	564
2849	487
2850	602
2851	533
2852	552
2853	526
2854	591
2855	581
2856	564
2857	540
2858	554
2859	571
2860	537
2861	608
2862	553
2863	570
2864	536
2865	570
2866	577
2867	572
2868	514
2869	560
2870	599
2871	532
2872	560
2873	554
2874	573
2875	556
2876	534
2877	606
2878	629
2879	596
2880	555
2881	556
2882	607
2883	569
2884	598
2885	572
2886	653
2887	571
2888	611
2889	616
2890	617
2891	579
2892	605
2893	566
2894	557
2895	590
2896	609
2897	649
2898	591
2899	633
2900	620
2901	580
2902	585
2903	583
2904	658
2905	654
2906	588
2907	599
2908	609
2909	588
2910	680
2911	579
2912	593
2913	603
2914	611
2915	644
2916	580
2917	640
2918	637
2919	627
2920	631
2921	582
2922	632
2923	616
2924	617
2925	638
2926	629
2927	674
2928	624
2929	639
2930	616
2931	628
2932	639
2933	643
2934	628
2935	664
2936	596
2937	606
2938	662
2939	671
2940	635
2941	634
2942	638
2943	675
2944	650
2945	661
2946	628
2947	641
2948	656
2949	765
2950	675
2951	675
2952	701
2953	637
2954	683
2955	647
2956	661
2957	666
2958	662
2959	644
2960	692
2961	682
2962	653
2963	632
2964	656
2965	675
2966	612
2967	656
2968	634
2969	656
2970	684
2971	691
2972	662
2973	660
2974	723
2975	653
2976	605
2977	689
2978	716
2979	668
2980	692
2981	652
2982	645
2983	724
2984	665
2985	659
2986	667
2987	677
2988	682
2989	652
2990	668
2991	674
2992	703
2993	680
2994	685
2995	704
2996	698
2997	699
2998	671
2999	707
3000	661
3001	705
3002	688
3003	658
3004	692
3005	690
3006	715
3007	696
3008	704
3009	675
3010	693
3011	645
3012	714
3013	681
3014	741
3015	658
3016	665
3017	668
3018	718
3019	679
3020	728
3021	700
3022	708
3023	685
3024	635
3025	664
3026	662
3027	715
3028	712
3029	660
3030	637
3031	713
3032	701
3033	686
3034	687
3035	638
3036	689
3037	668
3038	702
3039	682
3040	701
3041	730
3042	668
3043	690
3044	640
3045	663
3046	720
3047	709
3048	689
3049	701
3050	742
3051	734
3052	691
3053	652
3054	689
3055	716
3056	680
3057	680
3058	680
3059	662
3060	712
3061	738
3062	737
3063	695
3064	642
3065	665
3066	683
3067	705
3068	719
3069	667
3070	695
3071	682
3072	679
3073	665
3074	731
3075	712
3076	677
3077	687
3078	634
3079	697
3080	615
3081	685
3082	730
3083	693
3084	653
3085	671
3086	695
3087	691
3088	634
3089	713
3090	658
3091	688
3092	715
3093	733
3094	725
3095	691
3096	671
3097	718
3098	714
3099	700
3100	712
3101	641
3102	712
3103	689
3104	715
3105	685
3106	682
3107	679
3108	700
3109	722
3110	690
3111	650
3112	678
3113	647
3114	706
3115	695
3116	687
3117	694
3118	695
3119	699
3120	654
3121	666
3122	728
3123	716
3124	722
3125	702
3126	743
3127	676
3128	697
3129	680
3130	681
3131	682
3132	692
3133	677
3134	662
3135	657
3136	708
3137	707
3138	677
3139	681
3140	689
3141	668
3142	676
3143	648
3144	679
3145	761
3146	667
3147	689
3148	683
3149	722
3150	683
3151	691
3152	685
3153	677
3154	652
3155	708
3156	613
3157	665
3158	689
3159	680
3160	669
3161	651
3162	658
3163	738
3164	694
3165	693
3166	650
3167	649
3168	708
3169	687
3170	657
3171	630
3172	655
3173	720
3174	686
3175	693
3176	681
3177	702
3178	672
3179	613
3180	639
3181	650
3182	656
3183	642
3184	691
3185	650
3186	657
3187	674
3188	704
3189	632
3190	691
3191	646
3192	621
3193	711
3194	675
3195	637
3196	669
3197	691
3198	686
3199	657
3200	707
3201	656
3202	642
3203	664
3204	669
3205	672
3206	607
3207	678
3208	637
3209	667
3210	688
3211	632
3212	680
3213	630
3214	632
3215	625
3216	638
3217	651
3218	644
3219	643
3220	641
3221	616
3222	634
3223	668
3224	711
3225	693
3226	679
3227	655
3228	669
3229	705
3230	660
3231	654
3232	597
3233	620
3234	645
3235	652
3236	609
3237	666
3238	707
3239	641
3240	648
3241	618
3242	615
3243	657
3244	645
3245	669
3246	666
3247	635
3248	653
3249	621
3250	609
3251	642
3252	637
3253	652
3254	636
3255	650
3256	667
3257	610
3258	676
3259	644
3260	647
3261	635
3262	645
3263	633
3264	649
3265	618
3266	631
3267	654
3268	609
3269	648
3270	611
3271	622
3272	561
3273	660
3274	648
3275	701
3276	651
3277	672
3278	681
3279	635
3280	592
3281	611
3282	641
3283	667
3284	674
3285	607
3286	629
3287	615
3288	647
3289	622
3290	653
3291	656
3292	671
3293	646
3294	630
3295	661
3296	649
3297	667
3298	630
3299	660
3300	576
3301	647
3302	625
3303	651
3304	630
3305	592
3306	644
3307	587
3308	642
3309	587
3310	593
3311	618
3312	615
3313	629
3314	618
3315	621
3316	619
3317	660
3318	637
3319	602
3320	634
3321	632
3322	638
3323	603
3324	631
3325	628
3326	600
3327	670
3328	647
3329	641
3330	630
3331	625
3332	576
3333	611
3334	556
3335	623
3336	602
3337	621
3338	651
3339	607
3340	612
3341	655
3342	656
3343	593
3344	624
3345	656
3346	590
3347	633
3348	621
3349	633
3350	638
3351	629
3352	588
3353	614
3354	605
3355	629
3356	584
3357	646
3358	583
3359	581
3360	651
3361	627
3362	651
3363	628
3364	606
3365	567
3366	608
3367	591
3368	624
3369	566
3370	645
3371	590
3372	571
3373	649
3374	617
3375	624
3376	587
3377	625
3378	596
3379	628
3380	651
3381	614
3382	612
3383	588
3384	654
3385	595
3386	627
3387	588
3388	630
3389	595
3390	631
3391	653
3392	582
3393	623
3394	584
3395	576
3396	627
3397	662
3398	584
3399	575
3400	618
3401	601
3402	625
3403	586
3404	652
3405	591
3406	603
3407	627
3408	596
3409	582
3410	654
3411	593
3412	578
3413	620
3414	587
3415	653
3416	556
3417	605
3418	565
3419	586
3420	592
3421	575
3422	618
3423	627
3424	600
3425	610
3426	572
3427	568
3428	557
3429	581
3430	535
3431	645
3432	603
3433	631
3434	587
3435	624
3436	583
3437	593
3438	569
3439	606
3440	576
3441	545
3442	593
3443	588
3444	559
3445	597
3446	594
3447	593
3448	586
3449	559
3450	588
3451	572
3452	556
3453	566
3454	594
3455	575
3456	568
3457	631
3458	593
3459	619
3460	549
3461	572
3462	568
3463	606
3464	583
3465	572
3466	593
3467	601
3468	552
3469	558
3470	539
3471	561
3472	585
3473	561
3474	521
3475	518
3476	580
3477	621
3478	568
3479	546
3480	566
3481	601
3482	584
3483	583
3484	591
3485	571
3486	580
3487	590
3488	576
3489	540
3490	542
3491	579
3492	540
3493	581
3494	601
3495	559
3496	586
3497	534
3498	572
3499	592
3500	592
3501	556
3502	559
3503	588
3504	546
3505	575
3506	579
3507	568
3508	597
3509	565
3510	581
3511	577
3512	593
3513	542
3514	559
3515	523
3516	543
3517	591
3518	539
3519	549
3520	597
3521	609
3522	562
3523	528
3524	529
3525	576
3526	592
3527	594
3528	524
3529	544
3530	564
3531	533
3532	563
3533	540
3534	547
3535	544
3536	557
3537	580
3538	558
3539	586
3540	542
3541	555
3542	493
3543	573
3544	549
3545	534
3546	557
3547	591
3548	588
3549	530
3550	585
3551	533
3552	555
3553	602
3554	586
3555	543
3556	523
3557	558
3558	554
3559	551
3560	567
3561	550
3562	527
3563	577
3564	492
3565	533
3566	536
3567	534
3568	543
3569	541
3570	565
3571	534
3572	578
3573	572
3574	506
3575	547
3576	515
3577	508
3578	576
3579	552
3580	515
3581	538
3582	554
3583	557
3584	543
3585	549
3586	549
3587	557
3588	559
3589	585
3590	530
3591	527
3592	536
3593	524
3594	527
3595	531
3596	562
3597	523
3598	564
3599	499
3600	557
3601	580
3602	590
3603	566
3604	525
3605	551
3606	542
3607	520
3608	531
3609	557
3610	584
3611	515
3612	522
3613	556
3614	514
3615	519
3616	540
3617	558
3618	508
3619	583
3620	552
3621	546
3622	495
3623	552
3624	543
3625	510
3626	536
3627	527
3628	554
3629	526
3630	542
3631	508
3632	506
3633	525
3634	537
3635	532
3636	503
3637	511
3638	529
3639	547
3640	519
3641	561
3642	518
3643	519
3644	561
3645	530
3646	534
3647	532
3648	504
3649	551
3650	505
3651	529
3652	521
3653	528
3654	544
3655	519
3656	503
3657	528
3658	532
3659	518
3660	569
3661	531
3662	514
3663	479
3664	496
3665	563
3666	483
3667	522
3668	562
3669	505
3670	504
3671	492
3672	516
3673	527
3674	537
3675	542
3676	523
3677	511
3678	513
3679	490
3680	503
3681	505
3682	512
3683	525
3684	506
3685	501
3686	520
3687	488
3688	516
3689	483
3690	543
3691	502
3692	532
3693	494
3694	488
3695	499
3696	504
3697	518
3698	487
3699	500
3700	500
3701	527
3702	500
3703	521
3704	525
3705	484
3706	495
3707	486
3708	515
3709	496
3710	525
3711	471
3712	513
3713	523
3714	483
3715	512
3716	477
3717	541
3718	504
3719	530
3720	504
3721	504
3722	467
3723	489
3724	504
3725	511
3726	501
3727	499
3728	448
3729	484
3730	510
3731	514
3732	501
3733	504
3734	469
3735	494
3736	506
3737	521
3738	449
3739	496
3740	490
3741	514
3742	475
3743	472
3744	516
3745	445
3746	464
3747	467
3748	499
3749	492
3750	523
3751	494
3752	499
3753	493
3754	497
3755	456
3756	484
3757	508
3758	521
3759	519
3760	508
3761	504
3762	469
3763	510
3764	558
3765	490
3766	517
3767	500
3768	481
3769	462
3770	522
3771	474
3772	497
3773	485
3774	481
3775	472
3776	502
3777	502
3778	487
3779	492
3780	501
3781	488
3782	499
3783	519
3784	492
3785	488
3786	447
3787	456
3788	478
3789	489
3790	441
3791	460
3792	469
3793	495
3794	446
3795	517
3796	495
3797	463
3798	507
3799	488
3800	489
3801	463
3802	499
3803	474
3804	464
3805	466
3806	447
3807	502
3808	464
3809	483
3810	461
3811	520
3812	474
3813	420
3814	501
3815	457
3816	485
3817	497
3818	461
3819	469
3820	518
3821	434
3822	453
3823	438
3824	446
3825	520
3826	450
3827	440
3828	453
3829	519
3830	464
3831	507
3832	485
3833	497
3834	496
3835	441
3836	447
3837	475
3838	487
3839	471
3840	498
3841	475
3842	473
3843	452
3844	448
3845	457
3846	430
3847	485
3848	459
3849	459
3850	459
3851	424
3852	454
3853	461
3854	437
3855	455
3856	444
3857	427
3858	425
3859	499
3860	485
3861	453
3862	433
3863	470
3864	508
3865	468
3866	480
3867	402
3868	433
3869	451
3870	438
3871	465
3872	433
3873	442
3874	472
3875	455
3876	435
3877	459
3878	488
3879	441
3880	455
3881	444
3882	451
3883	464
3884	455
3885	478
3886	458
3887	457
3888	436
3889	439
3890	438
3891	446
3892	428
3893	446
3894	463
3895	422
3896	425
3897	427
3898	467
3899	459
3900	443
3901	424
3902	434
3903	483
3904	429
3905	450
3906	444
3907	441
3908	408
3909	431
3910	412
3911	456
3912	445
3913	462
3914	418
3915	456
3916	495
3917	457
3918	432
3919	446
3920	419
3921	439
3922	411
3923	425
3924	422
3925	420
3926	417
3927	433
3928	468
3929	425
3930	418
3931	474
3932	469
3933	424
3934	433
3935	458
3936	446
3937	407
3938	395
3939	431
3940	437
3941	425
3942	468
3943	436
3944	464
3945	436
3946	495
3947	405
3948	456
3949	458
3950	467
3951	419
3952	444
3953	482
3954	463
3955	396
3956	446
3957	428
3958	435
3959	424
3960	462
3961	419
3962	427
3963	447
3964	410
3965	432
3966	421
3967	422
3968	405
3969	411
3970	428
3971	387
3972	401
3973	398
3974	436
3975	424
3976	439
3977	436
3978	442
3979	400
3980	434
3981	424
3982	424
3983	441
3984	391
3985	412
3986	432
3987	393
3988	399
3989	420
3990	418
3991	421
3992	430
3993	433
3994	419
3995	440
3996	419
3997	410
3998	451
3999	417
4000	416
4001	417
4002	434
4003	385
4004	379
4005	369
4006	441
4007	410
4008	436
4009	413
4010	410
4011	441
4012	413
4013	424
4014	390
4015	417
4016	376
4017	440
4018	408
4019	406
4020	397
4021	366
4022	383
4023	416
4024	415
4025	409
4026	405
4027	398
4028	405
4029	384
4030	428
4031	365
4032	398
4033	435
4034	392
4035	426
4036	418
4037	407
4038	415
4039	428
4040	389
4041	366
4042	411
4043	412
4044	408
4045	409
4046	415
4047	371
4048	378
4049	368
4050	389
4051	425
4052	411
4053	404
4054	393
4055	397
4056	435
4057	360
4058	403
4059	389
4060	407
4061	373
4062	396
4063	397
4064	394
4065	379
4066	396
4067	410
4068	399
4069	389
4070	397
4071	428
4072	377
4073	415
4074	383
4075	377
4076	374
4077	375
4078	416
4079	403
4080	427
4081	434
4082	419
4083	396
4084	385
4085	366
4086	384
4087	394
4088	390
4089	352
4090	405
4091	362
4092	379
4093	377
4094	385
4095	368
4096	404
4097	389
4098	380
4099	402
4100	428
4101	384
4102	364
4103	401
4104	362
4105	367
4106	403
4107	381
4108	331
4109	408
4110	378
4111	368
4112	390
4113	389
4114	377
4115	367
4116	368
4117	389
4118	348
4119	391
4120	373
4121	391
4122	409
4123	401
4124	379
4125	365
4126	375
4127	351
4128	365
4129	377
4130	378
4131	379
4132	367
4133	370
4134	365
4135	396
4136	393
4137	362
4138	357
4139	345
4140	372
4141	351
4142	366
4143	355
4144	377
4145	378
4146	361
4147	355
4148	345
4149	404
4150	390
4151	372
4152	384
4153	365
4154	335
4155	376
4156	409
4157	342
4158	379
4159	363
4160	350
4161	342
4162	373
4163	363
4164	332
4165	368
4166	365
4167	376
4168	350
4169	369
4170	382
4171	367
4172	367
4173	371
4174	358
4175	365
4176	376
4177	361
4178	388
4179	367
4180	317
4181	357
4182	357
4183	334
4184	373
4185	376
4186	338
4187	366
4188	376
4189	331
4190	351
4191	374
4192	379
4193	327
4194	336
4195	335
4196	359
4197	332
4198	335
4199	350
4200	354
4201	349
4202	340
4203	329
4204	376
4205	362
4206	366
4207	346
4208	362
4209	373
4210	338
4211	323
4212	382
4213	348
4214	338
4215	315
4216	376
4217	360
4218	327
4219	327
4220	359
4221	331
4222	354
4223	338
4224	353
4225	357
4226	339
4227	363
4228	317
4229	347
4230	361
4231	367
4232	348
4233	373
4234	337
4235	325
4236	345
4237	335
4238	343
4239	337
4240	337
4241	308
4242	313
4243	353
4244	357
4245	331
4246	316
4247	298
4248	358
4249	363
4250	356
4251	348
4252	372
4253	311
4254	344
4255	312
4256	337
4257	302
4258	329
4259	315
4260	343
4261	348
4262	348
4263	326
4264	313
4265	341
4266	330
4267	321
4268	341
4269	355
4270	363
4271	320
4272	340
4273	339
4274	333
4275	360
4276	308
4277	326
4278	312
4279	325
4280	322
4281	314
4282	320
4283	331
4284	306
4285	325
4286	342
4287	321
4288	315
4289	321
4290	312
4291	319
4292	319
4293	297
4294	313
4295	313
4296	317
4297	339
4298	337
4299	303
4300	331
4301	333
4302	319
4303	329
4304	327
4305	284
4306	292
4307	326
4308	328
4309	333
4310	323
4311	341
4312	338
4313	296
4314	327
4315	337
4316	304
4317	313
4318	304
4319	309
4320	326
4321	332
4322	322
4323	315
4324	333
4325	340
4326	307
4327	313
4328	307
4329	316
4330	308
4331	309
4332	315
4333	261
4334	321
4335	323
4336	312
4337	308
4338	304
4339	310
4340	295
4341	279
4342	330
4343	287
4344	295
4345	316
4346	330
4347	303
4348	318
4349	313
4350	314
4351	292
4352	290
4353	303
4354	288
4355	315
4356	292
4357	298
4358	349
4359	313
4360	338
4361	304
4362	337
4363	316
4364	305
4365	321
4366	316
4367	305
4368	288
4369	288
4370	327
4371	311
4372	298
4373	312
4374	314
4375	255
4376	295
4377	314
4378	286
4379	328
4380	301
4381	288
4382	311
4383	289
4384	283
4385	279
4386	314
4387	295
4388	307
4389	287
4390	297
4391	315
4392	275
4393	306
4394	288
4395	290
4396	290
4397	299
4398	297
4399	291
4400	286
4401	294
4402	309
4403	320
4404	268
4405	311
4406	291
4407	297
4408	297
4409	248
4410	296
4411	296
4412	294
4413	312
4414	283
4415	327
4416	280
4417	294
4418	274
4419	259
4420	314
4421	269
4422	286
4423	265
4424	297
4425	266
4426	294
4427	268
4428	249
4429	309
4430	290
4431	305
4432	241
4433	262
4434	293
4435	287
4436	288
4437	269
4438	282
4439	295
4440	275
4441	302
4442	337
4443	292
4444	301
4445	258
4446	288
4447	267
4448	275
4449	275
4450	256
4451	260
4452	312
4453	330
4454	260
4455	247
4456	257
4457	281
4458	255
4459	276
4460	270
4461	291
4462	282
4463	274
4464	287
4465	314
4466	257
4467	266
4468	296
4469	307
4470	286
4471	282
4472	278
4473	242
4474	252
4475	264
4476	288
4477	279
4478	287
4479	270
4480	261
4481	304
4482	291
4483	253
4484	279
4485	256
4486	271
4487	255
4488	256
4489	294
4490	255
4491	254
4492	266
4493	229
4494	294
4495	257
4496	267
4497	291
4498	277
4499	270
4500	250
4501	268
4502	252
4503	247
4504	259
4505	280
4506	265
4507	274
4508	250
4509	276
4510	277
4511	275
4512	275
4513	239
4514	276
4515	235
4516	243
4517	250
4518	250
4519	256
4520	275
4521	280
4522	231
4523	250
4524	278
4525	255
4526	257
4527	230
4528	267
4529	268
4530	240
4531	219
4532	270
4533	255
4534	260
4535	220
4536	274
4537	260
4538	218
4539	251
4540	260
4541	257
4542	254
4543	254
4544	265
4545	271
4546	231
4547	223
4548	255
4549	235
4550	268
4551	240
4552	249
4553	257
4554	250
4555	219
4556	229
4557	263
4558	257
4559	248
4560	235
4561	269
4562	238
4563	243
4564	240
4565	231
4566	261
4567	283
4568	267
4569	246
4570	253
4571	251
4572	255
4573	246
4574	262
4575	275
4576	248
4577	237
4578	257
4579	250
4580	237
4581	205
4582	229
4583	248
4584	262
4585	215
4586	260
4587	258
4588	228
4589	273
4590	218
4591	264
4592	241
4593	218
4594	271
4595	234
4596	232
4597	243
4598	230
4599	235
4600	250
4601	254
4602	234
4603	186
4604	216
4605	237
4606	262
4607	230
4608	225
4609	238
4610	225
4611	197
4612	227
4613	225
4614	223
4615	229
4616	237
4617	240
4618	224
4619	218
4620	242
4621	236
4622	228
4623	230
4624	238
4625	233
4626	234
4627	246
4628	244
4629	215
4630	233
4631	235
4632	249
4633	215
4634	225
4635	243
4636	237
4637	226
4638	225
4639	234
4640	240
4641	230
4642	258
4643	222
4644	210
4645	248
4646	250
4647	181
4648	203
4649	228
4650	219
4651	237
4652	206
4653	224
4654	238
4655	215
4656	213
4657	223
4658	225
4659	245
4660	206
4661	215
4662	222
4663	220
4664	229
4665	233
4666	239
4667	233
4668	212
4669	222
4670	224
4671	196
4672	190
4673	228
4674	185
4675	225
4676	209
4677	227
4678	216
4679	212
4680	201
4681	209
4682	226
4683	198
4684	223
4685	213
4686	185
4687	200
4688	209
4689	210
4690	215
4691	211
4692	206
4693	228
4694	187
4695	214
4696	179
4697	213
4698	227
4699	187
4700	208
4701	232
4702	226
4703	225
4704	215
4705	206
4706	219
4707	218
4708	193
4709	218
4710	247
4711	194
4712	194
4713	221
4714	224
4715	223
4716	225
4717	208
4718	197
4719	199
4720	215
4721	203
4722	216
4723	204
4724	209
4725	192
4726	211
4727	201
4728	203
4729	192
4730	194
4731	206
4732	205
4733	197
4734	231
4735	192
4736	189
4737	242
4738	207
4739	184
4740	246
4741	192
4742	206
4743	214
4744	202
4745	183
4746	198
4747	227
4748	189
4749	211
4750	204
4751	180
4752	213
4753	182
4754	201
4755	210
4756	180
4757	216
4758	240
4759	209
4760	217
4761	194
4762	207
4763	211
4764	183
4765	180
4766	202
4767	200
4768	202
4769	188
4770	223
4771	202
4772	182
4773	191
4774	191
4775	218
4776	213
4777	202
4778	197
4779	179
4780	191
4781	186
4782	212
4783	186
4784	202
4785	178
4786	192
4787	211
4788	207
4789	194
4790	208
4791	194
4792	179
4793	204
4794	199
4795	180
4796	183
4797	202
4798	180
4799	198
4800	188
4801	201
4802	187
4803	180
4804	175
4805	178
4806	175
4807	166
4808	193
4809	204
4810	209
4811	181
4812	174
4813	178
4814	183
4815	183
4816	186
4817	212
4818	182
4819	195
4820	191
4821	191
4822	184
4823	185
4824	182
4825	190
4826	181
4827	172
4828	177
4829	208
4830	202
4831	185
4832	149
4833	183
4834	185
4835	174
4836	174
4837	192
4838	192
4839	168
4840	174
4841	178
4842	182
4843	173
4844	177
4845	186
4846	195
4847	182
4848	168
4849	169
4850	176
4851	177
4852	161
4853	218
4854	164
4855	190
4856	179
4857	182
4858	167
4859	153
4860	178
4861	166
4862	182
4863	183
4864	148
4865	170
4866	193
4867	163
4868	163
4869	163
4870	184
4871	166
4872	169
4873	147
4874	161
4875	169
4876	170
4877	173
4878	192
4879	168
4880	138
4881	179
4882	164
4883	167
4884	178
4885	175
4886	186
4887	159
4888	171
4889	179
4890	165
4891	155
4892	186
4893	180
4894	164
4895	158
4896	160
4897	171
4898	200
4899	159
4900	157
4901	142
4902	141
4903	162
4904	184
4905	156
4906	159
4907	174
4908	172
4909	156
4910	161
4911	160
4912	131
4913	179
4914	181
4915	167
4916	176
4917	161
4918	167
4919	146
4920	179
4921	144
4922	140
4923	172
4924	158
4925	163
4926	144
4927	144
4928	159
4929	158
4930	136
4931	160
4932	156
4933	158
4934	160
4935	146
4936	160
4937	152
4938	169
4939	132
4940	147
4941	149
4942	167
4943	166
4944	145
4945	164
4946	147
4947	154
4948	153
4949	160
4950	160
4951	145
4952	169
4953	157
4954	161
4955	163
4956	171
4957	156
4958	148
4959	147
4960	164
4961	146
4962	157
4963	147
4964	150
4965	143
4966	157
4967	134
4968	163
4969	134
4970	139
4971	151
4972	140
4973	151
4974	148
4975	138
4976	144
4977	136
4978	148
4979	141
4980	147
4981	122
4982	135
4983	159
4984	149
4985	147
4986	140
4987	156
4988	137
4989	144
4990	119
4991	157
4992	120
4993	141
4994	158
4995	154
4996	143
4997	160
4998	129
4999	138
5000	144
5001	148
5002	141
5003	141
5004	145
5005	149
5006	140
5007	150
5008	147
5009	146
5010	144
5011	126
5012	128
5013	138
5014	150
5015	131
5016	134
5017	139
5018	125
5019	133
5020	142
5021	114
5022	134
5023	127
5024	146
5025	128
5026	108
5027	107
5028	140
5029	132
5030	139
5031	141
5032	136
5033	112
5034	152
5035	143
5036	101
5037	160
5038	133
5039	130
5040	137
5041	132
5042	127
5043	113
5044	147
5045	122
5046	129
5047	127
5048	148
5049	146
5050	144
5051	142
5052	136
5053	130
5054	123
5055	127
5056	133
5057	124
5058	119
5059	129
5060	117
5061	142
5062	127
5063	117
5064	138
5065	143
5066	120
5067	113
5068	132
5069	132
5070	126
5071	123
5072	127
5073	114
5074	124
5075	124
5076	113
5077	125
5078	121
5079	123
5080	133
5081	108
5082	129
5083	148
5084	119
5085	123
5086	138
5087	116
5088	124
5089	136
5090	134
5091	126
5092	132
5093	110
5094	151
5095	124
5096	115
5097	114
5098	127
5099	120
5100	122
5101	140
5102	128
5103	126
5104	131
5105	134
5106	108
5107	134
5108	103
5109	113
5110	120
5111	109
5112	97
5113	119
5114	125
5115	119
5116	116
5117	127
5118	110
5119	119
5120	119
5121	101
5122	107
5123	97
5124	137
5125	133
5126	93
5127	117
5128	93
5129	120
5130	129
5131	126
5132	103
5133	109
5134	106
5135	140
5136	112
5137	118
5138	121
5139	115
5140	108
5141	119
5142	101
5143	141
5144	98
5145	115
5146	116
5147	88
5148	108
5149	109
5150	111
5151	124
5152	114
5153	105
5154	106
5155	130
5156	114
5157	104
5158	118
5159	92
5160	107
5161	99
5162	110
5163	110
5164	104
5165	105
5166	115
5167	101
5168	105
5169	90
5170	119
5171	104
5172	105
5173	102
5174	106
5175	105
5176	100
5177	105
5178	103
5179	95
5180	108
5181	89
5182	85
5183	94
5184	95
5185	105
5186	102
5187	96
5188	106
5189	108
5190	90
5191	82
5192	105
5193	99
5194	93
5195	113
5196	96
5197	94
5198	106
5199	97
5200	98
5201	99
5202	112
5203	109
5204	88
5205	83
5206	87
5207	99
5208	101
5209	102
5210	98
5211	103
5212	90
5213	112
5214	87
5215	83
5216	112
5217	96
5218	96
5219	93
5220	111
5221	86
5222	83
5223	101
5224	104
5225	107
5226	108
5227	101
5228	100
5229	95
5230	100
5231	93
5232	86
5233	99
5234	93
5235	90
5236	96
5237	71
5238	78
5239	73
5240	88
5241	89
5242	91
5243	99
5244	81
5245	92
5246	75
5247	82
5248	99
5249	76
5250	90
5251	76
5252	95
5253	73
5254	106
5255	96
5256	104
5257	117
5258	95
5259	81
5260	87
5261	108
5262	102
5263	82
5264	90
5265	72
5266	76
5267	81
5268	83
5269	92
5270	100
5271	94
5272	93
5273	93
5274	75
5275	78
5276	76
5277	79
5278	98
5279	91
5280	95
5281	63
5282	69
5283	93
5284	80
5285	78
5286	88
5287	70
5288	85
5289	87
5290	88
5291	70
5292	76
5293	77
5294	83
5295	67
5296	78
5297	79
5298	91
5299	73
5300	82
5301	100
5302	78
5303	65
5304	81
5305	89
5306	66
5307	92
5308	85
5309	77
5310	66
5311	95
5312	70
5313	97
5314	57
5315	95
5316	76
5317	75
5318	70
5319	78
5320	79
5321	80
5322	57
5323	75
5324	69
5325	117
5326	83
5327	67
5328	70
5329	86
5330	77
5331	68
5332	89
5333	72
5334	67
5335	66
5336	88
5337	70
5338	75
5339	66
5340	70
5341	88
5342	73
5343	67
5344	65
5345	58
5346	71
5347	58
5348	65
5349	60
5350	74
5351	76
5352	73
5353	79
5354	75
5355	66
5356	78
5357	63
5358	71
5359	76
5360	62
5361	66
5362	58
5363	73
5364	54
5365	53
5366	64
5367	67
5368	70
5369	69
5370	65
5371	61
5372	70
5373	62
5374	76
5375	56
5376	66
5377	59
5378	51
5379	69
5380	72
5381	58
5382	71
5383	63
5384	72
5385	61
5386	57
5387	65
5388	64
5389	67
5390	55
5391	63
5392	64
5393	61
5394	72
5395	68
5396	74
5397	64
5398	69
5399	71
5400	67
5401	60
5402	65
5403	63
5404	51
5405	66
5406	52
5407	64
5408	55
5409	51
5410	56
5411	56
5412	53
5413	58
5414	64
5415	59
5416	54
5417	42
5418	48
5419	50
5420	53
5421	71
5422	47
5423	62
5424	58
5425	69
5426	69
5427	56
5428	58
5429	57
5430	53
5431	62
5432	42
5433	48
5434	50
5435	44
5436	52
5437	53
5438	58
5439	60
5440	60
5441	54
5442	48
5443	66
5444	54
5445	56
5446	38
5447	62
5448	63
5449	69
5450	53
5451	55
5452	56
5453	46
5454	66
5455	64
5456	48
5457	51
5458	58
5459	50
5460	62
5461	64
5462	59
5463	56
5464	49
5465	56
5466	47
5467	43
5468	38
5469	49
5470	60
5471	46
5472	46
5473	66
5474	44
5475	38
5476	49
5477	48
5478	43
5479	38
5480	56
5481	55
5482	39
5483	53
5484	41
5485	47
5486	40
5487	44
5488	53
5489	44
5490	36
5491	39
5492	51
5493	47
5494	51
5495	47
5496	62
5497	53
5498	35
5499	42
5500	51
5501	35
5502	49
5503	59
5504	46
5505	40
5506	46
5507	60
5508	46
5509	42
5510	47
5511	41
5512	38
5513	50
5514	47
5515	51
5516	47
5517	38
5518	49
5519	39
5520	40
5521	39
5522	37
5523	50
5524	41
5525	38
5526	47
5527	38
5528	44
5529	52
5530	41
5531	41
5532	47
5533	43
5534	39
5535	36
5536	39
5537	28
5538	38
5539	48
5540	39
5541	36
5542	40
5543	36
5544	37
5545	32
5546	33
5547	36
5548	40
5549	46
5550	34
5551	33
5552	45
5553	46
5554	29
5555	33
5556	38
5557	28
5558	36
5559	45
5560	32
5561	32
5562	38
5563	36
5564	31
5565	43
5566	45
5567	31
5568	29
5569	35
5570	34
5571	39
5572	33
5573	39
5574	42
5575	31
5576	47
5577	37
5578	40
5579	52
5580	27
5581	32
5582	42
5583	40
5584	34
5585	41
5586	31
5587	31
5588	34
5589	25
5590	32
5591	28
5592	36
5593	31
5594	32
5595	30
5596	27
5597	34
5598	28
5599	25
5600	42
5601	33
5602	24
5603	26
5604	32
5605	46
5606	39
5607	26
5608	29
5609	27
5610	42
5611	33
5612	29
5613	42
5614	27
5615	33
5616	38
5617	44
5618	34
5619	34
5620	28
5621	29
5622	31
5623	29
5624	31
5625	28
5626	35
5627	30
5628	28
5629	27
5630	30
5631	39
5632	24
5633	25
5634	25
5635	34
5636	30
5637	27
5638	24
5639	21
5640	33
5641	28
5642	33
5643	32
5644	23
5645	22
5646	30
5647	28
5648	21
5649	32
5650	26
5651	32
5652	23
5653	31
5654	32
5655	27
5656	24
5657	30
5658	19
5659	14
5660	24
5661	26
5662	29
5663	29
5664	27
5665	19
5666	19
5667	27
5668	28
5669	20
5670	25
5671	29
5672	30
5673	27
5674	23
5675	28
5676	18
5677	21
5678	28
5679	35
5680	31
5681	32
5682	31
5683	22
5684	36
5685	20
5686	29
5687	26
5688	26
5689	25
5690	24
5691	23
5692	21
5693	16
5694	20
5695	21
5696	28
5697	26
5698	21
5699	19
5700	29
5701	23
5702	20
5703	23
5704	21
5705	14
5706	27
5707	21
5708	35
5709	27
5710	22
5711	24
5712	21
5713	25
5714	17
5715	28
5716	33
5717	19
5718	11
5719	21
5720	20
5721	28
5722	19
5723	28
5724	16
5725	20
5726	25
5727	25
5728	12
5729	26
5730	14
5731	14
5732	24
5733	26
5734	11
5735	15
5736	19
5737	19
5738	19
5739	19
5740	21
5741	26
5742	19
5743	23
5744	20
5745	19
5746	15
5747	14
5748	22
5749	13
5750	24
5751	17
5752	19
5753	20
5754	9
5755	8
5756	15
5757	21
5758	20
5759	13
5760	15
5761	18
5762	23
5763	24
5764	22
5765	13
5766	19
5767	13
5768	10
5769	13
5770	13
5771	18
5772	22
5773	17
5774	22
5775	17
5776	16
5777	13
5778	12
5779	24
5780	10
5781	17
5782	16
5783	16
5784	15
5785	9
5786	16
5787	14
5788	13
5789	9
5790	11
5791	16
5792	10
5793	14
5794	12
5795	18
5796	15
5797	14
5798	20
5799	3
5800	15
5801	16
5802	12
5803	14
5804	22
5805	12
5806	9
5807	20
5808	11
5809	15
5810	16
5811	14
5812	6
5813	10
5814	15
5815	20
5816	13
5817	7
5818	15
5819	17
5820	12
5821	9
5822	14
5823	14
5824	14
5825	13
5826	16
5827	12
5828	12
5829	14
5830	14
5831	12
5832	7
5833	9
5834	12
5835	13
5836	5
5837	11
5838	16
5839	14
5840	15
5841	14
5842	10
5843	12
5844	14
5845	7
5846	10
5847	7
5848	10
5849	11
5850	14
5851	7
5852	10
5853	8
5854	9
5855	7
5856	8
5857	17
5858	9
5859	4
5860	8
5861	12
5862	9
5863	13
5864	5
5865	15
5866	9
5867	9
5868	7
5869	11
5870	10
5871	14
5872	8
5873	5
5874	9
5875	4
5876	10
5877	7
5878	14
5879	10
5880	11
5881	9
5882	14
5883	6
5884	8
5885	7
5886	7
5887	13
5888	12
5889	11
5890	10
5891	10
5892	8
5893	8
5894	9
5895	8
5896	10
5897	14
5898	5
5899	11
5900	3
5901	6
5902	8
5903	2
5904	9
5905	8
5906	8
5907	10
5908	6
5909	15
5910	8
5911	7
5912	7
5913	9
5914	5
5915	9
5916	9
5917	5
5918	6
5919	3
5920	14
5921	8
5922	5
5923	1
5924	6
5925	2
5926	11
5927	6
5928	2
5929	6
5930	6
5931	3
5932	7
5933	2
5934	11
5935	10
5936	9
5937	8
5938	2
5939	3
5940	9
5941	7
5942	9
5943	3
5944	3
5945	6
5946	5
5947	3
5948	10
5949	5
5950	9
5951	6
5952	7
5953	7
5954	5
5955	3
5956	4
5957	6
5958	5
5959	6
5960	5
5961	6
5962	4
5963	5
5964	3
5965	4
5966	5
5967	5
5968	6
5969	3
5970	8
5971	5
5972	2
5973	4
5974	8
5975	4
5976	0
5977	9
5978	4
5979	4
5980	2
5981	3
5982	3
5983	5
5984	6
5985	5
5986	4
5987	6
5988	5
5989	3
5990	8
5991	1
5992	7
5993	8
5994	4
5995	2
5996	7
5997	5
5998	4
5999	7
6000	3
6001	6
6002	2
6003	4
6004	4
6005	4
6006	8
6007	3
6008	7
6009	4
6010	5
6011	4
6012	5
6013	8
6014	6
6015	2
6016	2
6017	5
6018	8
6019	4
6020	2
6021	5
6022	3
6023	5
6024	4
6025	5
6026	0
6027	2
6028	4
6029	10
6030	5
6031	4
6032	5
6033	6
6034	6
6035	2
6036	2
6037	2
6038	2
6039	5
6040	3
6041	8
6042	3
6043	6
6044	3
6045	4
6046	0
6047	2
6048	2
6049	2
6050	3
6051	4
6052	0
6053	1
6054	3
6055	5
6056	5
6057	3
6058	4
6059	6
6060	0
6061	3
6062	9
6063	4
6064	1
6065	5
6066	2
6067	2
6068	5
6069	4
6070	3
6071	1
6072	5
6073	3
6074	3
6075	1
6076	2
6077	4
6078	2
6079	3
6080	6
6081	3
6082	2
6083	3
6084	3
6085	3
6086	4
6087	2
6088	1
6089	0
6090	0
6091	4
6092	1
6093	3
6094	3
6095	0
6096	5
6097	4
6098	4
6099	1
6100	2
6101	4
6102	2
6103	3
6104	1
6105	2
6106	1
6107	2
6108	0
6109	0
6110	1
6111	1
6112	2
6113	2
6114	3
6115	0
6116	2
6117	2
6118	4
6119	3
6120	1
6121	5
6122	4
6123	3
6124	3
6125	4
6126	2
6127	2
6128	5
6129	6
6130	1
6131	2
6132	5
6133	3
6134	1
6135	2
6136	3
6137	1
6138	0
6139	3
6140	3
6141	1
6142	1
6143	3
6144	1
6145	3
6146	2
6147	3
6148	2
6149	4
6150	0
6151	0
6152	3
6153	2
6154	1
6155	3
6156	4
6157	1
6158	3
6159	0
6160	1
6161	3
6162	2
6163	3
6164	0
6165	3
6166	2
6167	0
6168	1
6169	4
6170	1
6171	1
6172	1
6173	0
6174	2
6175	0
6176	2
6177	2
6178	2
6179	3
6180	0
6181	0
6182	2
6183	0
6184	0
6185	1
6186	0
6187	1
6188	1
6189	0
6190	1
6191	0
6192	1
6193	0
6194	3
6195	3
6196	1
6197	1
6198	2
6199	3
6200	2
6201	0
6202	1
6203	1
6204	1
6205	4
6206	2
6207	1
6208	1
6209	2
6210	3
6211	1
6212	3
6213	2
6214	2
6215	5
6216	1
6217	4
6218	3
6219	2
6220	2
6221	2
6222	3
6223	0
6224	4
6225	0
6226	2
6227	0
6228	1
6229	0
6230	1
6231	3
6232	0
6233	1
6234	2
6235	2
6236	3
6237	2
6238	3
6239	1
6240	0
6241	2
6242	1
6243	1
6244	1
6245	4
6246	0
6247	0
6248	3
6249	2
6250	1
6251	0
6252	0
6253	2
6254	1
6255	0
6256	0
6257	1
6258	3
6259	1
6260	1
6261	2
6262	0
6263	1
6264	2
6265	2
6266	2
6267	1
6268	1
6269	1
6270	1
6271	2
6272	2
6273	2
6274	1
6275	2
6276	0
6277	2
6278	2
6279	4
6280	1
6281	0
6282	2
6283	4
6284	1
6285	1
6286	0
6287	1
6288	0
6289	3
6290	1
6291	0
6292	1
6293	1
6294	0
6295	0
6296	1
6297	0
6298	1
6299	0
6300	1
6301	0
6302	0
6303	0
6304	0
6305	0
6306	1
6307	0
6308	0
6309	1
6310	3
6311	1
6312	0
6313	4
6314	3
6315	1
6316	0
6317	0
6318	0
6319	0
6320	2
6321	0
6322	2
6323	2
6324	0
6325	1
6326	0
6327	1
6328	2
6329	2
6330	0
6331	1
6332	0
6333	1
6334	1
6335	0
6336	3
6337	2
6338	1
6339	1
6340	0
6341	2
6342	2
6343	0
6344	3
6345	1
6346	1
6347	1
6348	1
6349	1
6350	0
6351	1
6352	1
6353	0
6354	1
6355	0
6356	0
6357	1
6358	1
6359	0
6360	1
6361	1
6362	1
6363	0
6364	0
6365	1
6366	2
6367	1
6368	2
6369	1
6370	0
6371	1
6372	3
6373	2
6374	0
6375	2
6376	1
6377	0
6378	1
6379	0
6380	1
6381	1
6382	2
6383	2
6384	0
6385	1
6386	2
6387	2
6388	2
6389	1
6390	2
6391	2
6392	0
6393	0
6394	2
6395	1
6396	0
6397	0
6398	0
6399	2
6400	1
6401	1
6402	0
6403	1
6404	1
6405	0
6406	0
6407	1
6408	1
6409	2
6410	1
6411	0
6412	1
6413	0
6414	0
6415	0
6416	2
6417	2
6418	0
6419	0
6420	0
6421	1
6422	2
6423	1
6424	1
6425	0
6426	3
6427	1
6428	0
6429	0
6430	0
6431	0
6432	3
6433	0
6434	1
6435	0
6436	2
6437	2
6438	0
6439	2
6440	0
6441	0
6442	1
6443	3
6444	0
6445	1
6446	0
6447	2
6448	1
6449	4
6450	1
6451	0
6452	3
6453	1
6454	0
6455	2
6456	0
6457	0
6458	1
6459	1
6460	0
6461	0
6462	3
6463	2
6464	3
6465	0
6466	2
6467	2
6468	3
6469	2
6470	1
6471	1
6472	0
6473	0
6474	3
6475	1
6476	0
6477	4
6478	1
6479	1
6480	1
6481	0
6482	2
6483	0
6484	1
6485	1
6486	1
6487	2
6488	3
6489	0
6490	1
6491	2
6492	0
6493	3
6494	1
6495	2
6496	2
6497	0
6498	0
6499	2
6500	1
6501	1
6502	1
6503	0
6504	0
6505	1
6506	1
6507	0
6508	1
6509	2
6510	0
6511	3
6512	0
6513	2
6514	2
6515	1
6516	1
6517	2
6518	0
6519	0
6520	2
6521	2
6522	1
6523	0
6524	1
6525	4
6526	0
6527	1
6528	1
6529	0
6530	1
6531	1
6532	0
6533	1
6534	0
6535	0
6536	2
6537	0
6538	0
6539	0
6540	1
6541	0
6542	1
6543	1
6544	1
6545	1
6546	7
6547	0
6548	1
6549	2
6550	1
6551	2
6552	0
6553	0
6554	0
6555	1
6556	0
6557	0
6558	1
6559	1
6560	1
6561	2
6562	1
6563	1
6564	1
6565	1
6566	0
6567	1
6568	2
6569	0
6570	0
6571	1
6572	0
6573	1
6574	3
6575	1
6576	1
6577	0
6578	1
6579	1
6580	1
6581	0
6582	1
6583	1
6584	1
6585	0
6586	0
6587	4
6588	2
6589	0
6590	0
6591	1
6592	1
6593	3
6594	0
6595	0
6596	2
6597	3
6598	2
6599	2
6600	0
6601	1
6602	0
6603	0
6604	1
6605	1
6606	0
6607	2
6608	0
6609	1
6610	1
6611	5
6612	1
6613	0
6614	1
6615	0
6616	2
6617	0
6618	0
6619	1
6620	4
6621	0
6622	1
6623	1
6624	0
6625	0
6626	2
6627	0
6628	0
6629	2
6630	1
6631	0
6632	0
6633	2
6634	0
6635	0
6636	0
6637	0
6638	0
6639	2
6640	0
6641	3
6642	1
6643	0
6644	0
6645	1
6646	2
6647	0
6648	1
6649	0
6650	1
6651	0
6652	0
6653	1
6654	1
6655	0
6656	0
6657	0
6658	2
6659	0
6660	0
6661	2
6662	1
6663	2
6664	0
6665	2
6666	3
6667	0
6668	1
6669	3
6670	0
6671	0
6672	0
6673	2
6674	0
6675	0
6676	2
6677	2
6678	1
6679	1
6680	1
6681	2
6682	0
6683	3
6684	4
6685	0
6686	0
6687	1
6688	1
6689	0
6690	1
6691	1
6692	0
6693	2
6694	1
6695	1
6696	2
6697	1
6698	0
6699	1
6700	1
6701	1
6702	1
6703	2
6704	0
6705	3
6706	1
6707	0
6708	1
6709	0
6710	0
6711	1
6712	0
6713	0
6714	0
6715	0
6716	2
6717	3
6718	0
6719	1
6720	0
6721	0
6722	2
6723	1
6724	0
6725	1
6726	0
6727	0
6728	1
6729	1
6730	2
6731	2
6732	0
6733	2
6734	2
6735	1
6736	2
6737	1
6738	0
6739	0
6740	5
6741	2
6742	0
6743	1
6744	0
6745	0
6746	1
6747	0
6748	0
6749	1
6750	1
6751	0
6752	0
6753	1
6754	0
6755	1
6756	1
6757	0
6758	0
6759	1
6760	0
6761	0
6762	0
6763	0
6764	0
6765	0
6766	0
6767	1
6768	0
6769	0
6770	0
6771	0
6772	0
6773	0
6774	0
6775	0
6776	0
6777	0
6778	0
6779	0
6780	0
6781	0
6782	0
6783	0
6784	1
6785	0
6786	0
6787	0
6788	0
6789	0
6790	0
6791	0
6792	0
6793	0
6794	0
6795	0
6796	0
6797	0
6798	0
6799	0
6800	0
6801	0
6802	0
6803	0
6804	0
6805	0
6806	0
6807	0
6808	0
6809	0
6810	0
6811	0
6812	0
6813	0
6814	0
6815	0
6816	0
6817	0
6818	0
6819	0
6820	0
6821	0
6822	0
6823	0
6824	0
6825	0
6826	0
6827	0
6828	0
6829	0
6830	0
6831	0
6832	0
6833	0
6834	0
6835	0
6836	0
6837	0
6838	0
6839	0
6840	0
6841	0
6842	0
6843	0
6844	0
6845	0
6846	0
6847	0
6848	0
6849	0
6850	0
6851	0
6852	0
6853	0
6854	0
6855	0
6856	0
6857	0
6858	0
6859	0
6860	0
6861	0
6862	0
6863	0
6864	0
6865	0
6866	0
6867	0
6868	0
6869	0
6870	0
6871	0
6872	0
6873	0
6874	0
6875	0
6876	0
6877	0
6878	0
6879	0
6880	0
6881	0
6882	0
6883	0
6884	0
6885	0
6886	0
6887	0
6888	0
6889	0
6890	0
6891	0
6892	0
6893	0
6894	0
6895	0
6896	0
6897	0
6898	0
6899	0
6900	0
6901	0
6902	0
6903	0
6904	0
6905	0
6906	0
6907	0
6908	0
6909	0
6910	0
6911	0
6912	0
6913	0
6914	0
6915	0
6916	0
6917	0
6918	0
6919	0
6920	0
6921	0
6922	0
6923	0
6924	0
6925	0
6926	0
6927	0
6928	0
6929	0
6930	0
6931	0
6932	0
6933	0
6934	0
6935	0
6936	0
6937	0
6938	0
6939	0
6940	0
6941	0
6942	0
6943	0
6944	0
6945	0
6946	0
6947	0
6948	0
6949	0
6950	0
6951	0
6952	0
6953	0
6954	0
6955	0
6956	0
6957	0
6958	0
6959	0
6960	0
6961	0
6962	0
6963	0
6964	0
6965	0
6966	0
6967	0
6968	0
6969	0
6970	0
6971	0
6972	0
6973	0
6974	0
6975	0
6976	0
6977	0
6978	0
6979	0
6980	0
6981	0
6982	0
6983	0
6984	0
6985	0
6986	0
6987	0
6988	0
6989	0
6990	0
6991	0
6992	0
6993	0
6994	0
6995	0
6996	0
6997	0
6998	0
6999	0
7000	0
7001	0
7002	0
7003	0
7004	0
7005	0
7006	0
7007	0
7008	0
7009	0
7010	0
7011	0
7012	0
7013	0
7014	0
7015	0
7016	0
7017	0
7018	0
7019	0
7020	0
7021	0
7022	0
7023	0
7024	0
7025	0
7026	0
7027	0
7028	0
7029	0
7030	0
7031	0
7032	0
7033	0
7034	0
7035	0
7036	0
7037	0
7038	0
7039	0
7040	0
7041	0
7042	0
7043	0
7044	0
7045	0
7046	0
7047	0
7048	0
7049	0
7050	0
7051	0
7052	0
7053	0
7054	0
7055	0
7056	0
7057	0
7058	0
7059	0
7060	0
7061	0
7062	0
7063	0
7064	0
7065	0
7066	0
7067	0
7068	0
7069	0
7070	0
7071	0
7072	0
7073	0
7074	0
7075	0
7076	0
7077	0
7078	0
7079	0
7080	0
7081	0
7082	0
7083	0
7084	0
7085	0
7086	0
7087	0
7088	0
7089	0
7090	0
7091	0
7092	0
7093	0
7094	0
7095	0
7096	0
7097	0
7098	0
7099	0
7100	0
7101	0
7102	0
7103	0
7104	0
7105	0
7106	0
7107	0
7108	0
7109	0
7110	0
7111	0
7112	0
7113	0
7114	0
7115	0
7116	0
7117	0
7118	0
7119	0
7120	0
7121	0
7122	0
7123	0
7124	0
7125	0
7126	0
7127	0
7128	0
7129	0
7130	0
7131	0
7132	0
7133	0
7134	0
7135	0
7136	0
7137	0
7138	0
7139	0
7140	0
7141	0
7142	0
7143	0
7144	0
7145	0
7146	0
7147	0
7148	0
7149	0
7150	0
7151	0
7152	0
7153	0
7154	0
7155	0
7156	0
7157	0
7158	0
7159	0
7160	0
7161	0
7162	0
7163	0
7164	0
7165	0
7166	0
7167	0
7168	0
7169	0
7170	0
7171	0
7172	0
7173	0
7174	0
7175	0
7176	0
7177	0
7178	0
7179	0
7180	0
7181	0
7182	0
7183	0
7184	0
7185	0
7186	0
7187	0
7188	0
7189	0
7190	0
7191	0
7192	0
7193	0
7194	0
7195	0
7196	0
7197	0
7198	0
7199	0
7200	0
7201	0
7202	0
7203	0
7204	0
7205	0
7206	0
7207	0
7208	0
7209	0
7210	0
7211	0
7212	0
7213	0
7214	0
7215	0
7216	0
7217	0
7218	0
7219	0
7220	0
7221	0
7222	0
7223	0
7224	0
7225	0
7226	0
7227	0
7228	0
7229	0
7230	0
7231	0
7232	0
7233	0
7234	0
7235	0
7236	0
7237	0
7238	0
7239	0
7240	0
7241	0
7242	0
7243	0
7244	0
7245	0
7246	0
7247	0
7248	0
7249	0
7250	0
7251	0
7252	0
7253	0
7254	0
7255	0
7256	0
7257	0
7258	0
7259	0
7260	0
7261	0
7262	0
7263	0
7264	0
7265	0
7266	0
7267	0
7268	0
7269	0
7270	0
7271	0
7272	0
7273	0
7274	0
7275	0
7276	0
7277	0
7278	0
7279	0
7280	0
7281	0
7282	0
7283	0
7284	0
7285	0
7286	0
7287	0
7288	0
7289	0
7290	0
7291	0
7292	0
7293	0
7294	0
7295	0
7296	0
7297	0
7298	0
7299	0
7300	0
7301	0
7302	0
7303	0
7304	0
7305	0
7306	0
7307	0
7308	0
7309	0
7310	0
7311	0
7312	0
7313	0
7314	0
7315	0
7316	0
7317	0
7318	0
7319	0
7320	0
7321	0
7322	0
7323	0
7324	0
7325	0
7326	0
7327	0
7328	0
7329	0
7330	0
7331	0
7332	0
7333	0
7334	0
7335	0
7336	0
7337	0
7338	0
7339	0
7340	0
7341	0
7342	0
7343	0
7344	0
7345	0
7346	0
7347	0
7348	0
7349	0
7350	0
7351	0
7352	0
7353	0
7354	0
7355	0
7356	0
7357	0
7358	0
7359	0
7360	0
7361	0
7362	0
7363	0
7364	0
7365	0
7366	0
7367	0
7368	0
7369	0
7370	0
7371	0
7372	0
7373	0
7374	0
7375	0
7376	0
7377	0
7378	0
7379	0
7380	0
7381	0
7382	0
7383	0
7384	0
7385	0
7386	0
7387	0
7388	0
7389	0
7390	0
7391	0
7392	0
7393	0
7394	0
7395	0
7396	0
7397	0
7398	0
7399	0
7400	0
7401	0
7402	0
7403	0
7404	0
7405	0
7406	0
7407	0
7408	0
7409	0
7410	0
7411	0
7412	0
7413	0
7414	0
7415	0
7416	0
7417	0
7418	0
7419	0
7420	0
7421	0
7422	0
7423	0
7424	0
7425	0
7426	0
7427	0
7428	0
7429	0
7430	0
7431	0
7432	0
7433	0
7434	0
7435	0
7436	0
7437	0
7438	0
7439	0
7440	0
7441	0
7442	0
7443	0
7444	0
7445	0
7446	0
7447	0
7448	0
7449	0
7450	0
7451	0
7452	0
7453	0
7454	0
7455	0
7456	0
7457	0
7458	0
7459	0
7460	0
7461	0
7462	0
7463	0
7464	0
7465	0
7466	0
7467	0
7468	0
7469	0
7470	0
7471	0
7472	0
7473	0
7474	0
7475	0
7476	0
7477	0
7478	0
7479	0
7480	0
7481	0
7482	0
7483	0
7484	0
7485	0
7486	0
7487	0
7488	0
7489	0
7490	0
7491	0
7492	0
7493	0
7494	0
7495	0
7496	0
7497	0
7498	0
7499	0
7500	0
7501	0
7502	0
7503	0
7504	0
7505	0
7506	0
7507	0
7508	0
7509	0
7510	0
7511	0
7512	0
7513	0
7514	0
7515	0
7516	0
7517	0
7518	0
7519	0
7520	0
7521	0
7522	0
7523	0
7524	0
7525	0
7526	0
7527	0
7528	0
7529	0
7530	0
7531	0
7532	0
7533	0
7534	0
7535	0
7536	0
7537	0
7538	0
7539	0
7540	0
7541	0
7542	0
7543	0
7544	0
7545	0
7546	0
7547	0
7548	0
7549	0
7550	0
7551	0
7552	0
7553	0
7554	0
7555	0
7556	0
7557	0
7558	0
7559	0
7560	0
7561	0
7562	0
7563	0
7564	0
7565	0
7566	0
7567	0
7568	0
7569	0
7570	0
7571	0
7572	0
7573	0
7574	0
7575	0
7576	0
7577	0
7578	0
7579	0
7580	0
7581	0
7582	0
7583	0
7584	0
7585	0
7586	0
7587	0
7588	0
7589	0
7590	0
7591	0
7592	0
7593	0
7594	0
7595	0
7596	0
7597	0
7598	0
7599	0
7600	0
7601	0
7602	0
7603	0
7604	0
7605	0
7606	0
7607	0
7608	0
7609	0
7610	0
7611	0
7612	0
7613	0
7614	0
7615	0
7616	0
7617	0
7618	0
7619	0
7620	0
7621	0
7622	0
7623	0
7624	0
7625	0
7626	0
7627	0
7628	0
7629	0
7630	0
7631	0
7632	0
7633	0
7634	0
7635	0
7636	0
7637	0
7638	0
7639	0
7640	0
7641	0
7642	0
7643	0
7644	0
7645	0
7646	0
7647	0
7648	0
7649	0
7650	0
7651	0
7652	0
7653	0
7654	0
7655	0
7656	0
7657	0
7658	0
7659	0
7660	0
7661	0
7662	0
7663	0
7664	0
7665	0
7666	0
7667	0
7668	0
7669	0
7670	0
7671	0
7672	0
7673	0
7674	0
7675	0
7676	0
7677	0
7678	0
7679	0
7680	0
7681	0
7682	0
7683	0
7684	0
7685	0
7686	0
7687	0
7688	0
7689	0
7690	0
7691	0
7692	0
7693	0
7694	0
7695	0
7696	0
7697	0
7698	0
7699	0
7700	0
7701	0
7702	0
7703	0
7704	0
7705	0
7706	0
7707	0
7708	0
7709	0
7710	0
7711	0
7712	0
7713	0
7714	0
7715	0
7716	0
7717	0
7718	0
7719	0
7720	0
7721	0
7722	0
7723	0
7724	0
7725	0
7726	0
7727	0
7728	0
7729	0
7730	0
7731	0
7732	0
7733	0
7734	0
7735	0
7736	0
7737	0
7738	0
7739	0
7740	0
7741	0
7742	0
7743	0
7744	0
7745	0
7746	0
7747	0
7748	0
7749	0
7750	0
7751	0
7752	0
7753	0
7754	0
7755	0
7756	0
7757	0
7758	0
7759	0
7760	0
7761	0
7762	0
7763	0
7764	0
7765	0
7766	0
7767	0
7768	0
7769	0
7770	0
7771	0
7772	0
7773	0
7774	0
7775	0
7776	0
7777	0
7778	0
7779	0
7780	0
7781	0
7782	0
7783	0
7784	0
7785	0
7786	0
7787	0
7788	0
7789	0
7790	0
7791	0
7792	0
7793	0
7794	0
7795	0
7796	0
7797	0
7798	0
7799	0
7800	0
7801	0
7802	0
7803	0
7804	0
7805	0
7806	0
7807	0
7808	0
7809	0
7810	0
7811	0
7812	0
7813	0
7814	0
7815	0
7816	0
7817	0
7818	0
7819	0
7820	0
7821	0
7822	0
7823	0
7824	0
7825	0
7826	0
7827	0
7828	0
7829	0
7830	0
7831	0
7832	0
7833	0
7834	0
7835	0
7836	0
7837	0
7838	0
7839	0
7840	0
7841	0
7842	0
7843	0
7844	0
7845	0
7846	0
7847	0
7848	0
7849	0
7850	0
7851	0
7852	0
7853	0
7854	0
7855	0
7856	0
7857	0
7858	0
7859	0
7860	0
7861	0
7862	0
7863	0
7864	0
7865	0
7866	0
7867	0
7868	0
7869	0
7870	0
7871	0
7872	0
7873	0
7874	0
7875	0
7876	0
7877	0
7878	0
7879	0
7880	0
7881	0
7882	0
7883	0
7884	0
7885	0
7886	0
7887	0
7888	0
7889	0
7890	0
7891	0
7892	0
7893	0
7894	0
7895	0
7896	0
7897	0
7898	0
7899	0
7900	0
7901	0
7902	0
7903	0
7904	0
7905	0
7906	0
7907	0
7908	0
7909	0
7910	0
7911	0
7912	0
7913	0
7914	0
7915	0
7916	0
7917	0
7918	0
7919	0
7920	0
7921	0
7922	0
7923	0
7924	0
7925	0
7926	0
7927	0
7928	0
7929	0
7930	0
7931	0
7932	0
7933	0
7934	0
7935	0
7936	0
7937	0
7938	0
7939	0
7940	0
7941	0
7942	0
7943	0
7944	0
7945	0
7946	0
7947	0
7948	0
7949	0
7950	0
7951	0
7952	0
7953	0
7954	0
7955	0
7956	0
7957	0
7958	0
7959	0
7960	0
7961	0
7962	0
7963	0
7964	0
7965	0
7966	0
7967	0
7968	0
7969	0
7970	0
7971	0
7972	0
7973	0
7974	0
7975	0
7976	0
7977	0
7978	0
7979	0
7980	0
7981	0
7982	0
7983	0
7984	0
7985	0
7986	0
7987	0
7988	0
7989	0
7990	0
7991	0
7992	0
7993	0
7994	0
7995	0
7996	0
7997	0
7998	0
7999	0
8000	0
8001	0
8002	0
8003	0
8004	0
8005	0
8006	0
8007	0
8008	0
8009	0
8010	0
8011	0
8012	0
8013	0
8014	0
8015	0
8016	0
8017	0
8018	0
8019	0
8020	0
8021	0
8022	0
8023	0
8024	0
8025	0
8026	0
8027	0
8028	0
8029	0
8030	0
8031	0
8032	0
8033	0
8034	0
8035	0
8036	0
8037	0
8038	0
8039	0
8040	0
8041	0
8042	0
8043	0
8044	0
8045	0
8046	0
8047	0
8048	0
8049	0
8050	0
8051	0
8052	0
8053	0
8054	0
8055	0
8056	0
8057	0
8058	0
8059	0
8060	0
8061	0
8062	0
8063	0
8064	0
8065	0
8066	0
8067	0
8068	0
8069	0
8070	0
8071	0
8072	0
8073	0
8074	0
8075	0
8076	0
8077	0
8078	0
8079	0
8080	0
8081	0
8082	0
8083	0
8084	0
8085	0
8086	0
8087	0
8088	0
8089	0
8090	0
8091	0
8092	0
8093	0
8094	0
8095	0
8096	0
8097	0
8098	0
8099	0
8100	0
8101	0
8102	0
8103	0
8104	0
8105	0
8106	0
8107	0
8108	0
8109	0
8110	0
8111	0
8112	0
8113	0
8114	0
8115	0
8116	0
8117	0
8118	0
8119	0
8120	0
8121	0
8122	0
8123	0
8124	0
8125	0
8126	0
8127	0
8128	0
8129	0
8130	0
8131	0
8132	0
8133	0
8134	0
8135	0
8136	0
8137	0
8138	0
8139	0
8140	0
8141	0
8142	0
8143	0
8144	0
8145	0
8146	0
8147	0
8148	0
8149	0
8150	0
8151	0
8152	0
8153	0
8154	0
8155	0
8156	0
8157	0
8158	0
8159	0
8160	0
8161	0
8162	0
8163	0
8164	0
8165	0
8166	0
8167	0
8168	0
8169	0
8170	0
8171	0
8172	0
8173	0
8174	0
8175	0
8176	0
8177	0
8178	0
8179	0
8180	0
8181	0
8182	0
8183	0
8184	0
8185	0
8186	0
8187	0
8188	0
8189	0
8190	0
8191	0
