0	0
1	0
2	0
3	0
4	0
5	0
6	0
7	0
8	0
9	0
10	0
11	0
12	0
13	0
14	0
15	0
16	0
17	0
18	0
19	0
20	0
21	0
22	0
23	0
24	0
25	0
26	0
27	0
28	0
29	0
30	0
31	0
32	0
33	0
34	0
35	0
36	0
37	0
38	0
39	0
40	0
41	0
42	0
43	0
44	0
45	0
46	0
47	0
48	0
49	0
50	0
51	0
52	0
53	0
54	0
55	0
56	0
57	0
58	0
59	0
60	0
61	0
62	0
63	0
64	0
65	0
66	0
67	0
68	0
69	0
70	0
71	0
72	0
73	0
74	0
75	0
76	0
77	0
78	0
79	0
80	0
81	0
82	0
83	0
84	0
85	0
86	0
87	0
88	0
89	0
90	0
91	0
92	0
93	0
94	0
95	0
96	0
97	0
98	0
99	0
100	0
101	0
102	0
103	0
104	0
105	0
106	0
107	0
108	0
109	0
110	0
111	0
112	0
113	0
114	0
115	0
116	0
117	0
118	0
119	0
120	0
121	0
122	0
123	0
124	0
125	0
126	0
127	0
128	0
129	0
130	0
131	0
132	0
133	0
134	0
135	0
136	0
137	0
138	0
139	0
140	0
141	0
142	0
143	0
144	0
145	0
146	0
147	0
148	0
149	0
150	0
151	0
152	0
153	0
154	0
155	0
156	0
157	0
158	0
159	0
160	0
161	0
162	0
163	0
164	0
165	0
166	0
167	0
168	0
169	0
170	0
171	0
172	0
173	0
174	0
175	0
176	0
177	0
178	0
179	0
180	0
181	0
182	0
183	0
184	0
185	0
186	0
187	0
188	0
189	0
190	0
191	0
192	0
193	0
194	0
195	0
196	0
197	0
198	0
199	0
200	0
201	0
202	0
203	0
204	0
205	0
206	0
207	0
208	0
209	0
210	0
211	0
212	0
213	0
214	0
215	0
216	0
217	0
218	0
219	0
220	0
221	0
222	0
223	0
224	0
225	0
226	0
227	0
228	0
229	0
230	0
231	0
232	0
233	0
234	0
235	0
236	0
237	0
238	0
239	0
240	0
241	0
242	0
243	0
244	0
245	0
246	0
247	0
248	0
249	0
250	0
251	0
252	0
253	0
254	0
255	0
256	0
257	0
258	0
259	0
260	0
261	0
262	0
263	0
264	0
265	0
266	0
267	0
268	0
269	0
270	0
271	0
272	0
273	0
274	0
275	0
276	0
277	0
278	0
279	0
280	0
281	0
282	0
283	0
284	0
285	0
286	0
287	0
288	0
289	0
290	0
291	0
292	0
293	0
294	0
295	0
296	0
297	0
298	0
299	0
300	0
301	0
302	0
303	0
304	0
305	0
306	0
307	0
308	0
309	0
310	0
311	0
312	0
313	0
314	0
315	0
316	0
317	0
318	0
319	0
320	0
321	0
322	0
323	0
324	0
325	0
326	0
327	0
328	0
329	0
330	0
331	0
332	0
333	0
334	0
335	0
336	0
337	0
338	0
339	0
340	0
341	0
342	0
343	0
344	0
345	0
346	0
347	0
348	0
349	0
350	1
351	0
352	0
353	0
354	0
355	0
356	0
357	0
358	0
359	0
360	0
361	0
362	0
363	0
364	0
365	0
366	0
367	0
368	0
369	0
370	0
371	0
372	0
373	0
374	0
375	0
376	0
377	0
378	0
379	0
380	0
381	0
382	0
383	0
384	0
385	0
386	0
387	0
388	0
389	0
390	0
391	0
392	0
393	0
394	0
395	0
396	0
397	0
398	0
399	0
400	0
401	0
402	0
403	0
404	0
405	0
406	0
407	0
408	0
409	1
410	0
411	0
412	0
413	0
414	0
415	0
416	0
417	0
418	0
419	0
420	0
421	0
422	0
423	0
424	0
425	0
426	0
427	0
428	0
429	0
430	0
431	0
432	0
433	0
434	0
435	0
436	0
437	0
438	0
439	0
440	0
441	0
442	0
443	0
444	0
445	0
446	0
447	0
448	0
449	0
450	0
451	0
452	0
453	0
454	0
455	0
456	0
457	0
458	0
459	0
460	0
461	0
462	0
463	0
464	0
465	0
466	0
467	0
468	0
469	0
470	0
471	0
472	0
473	0
474	0
475	0
476	0
477	0
478	0
479	0
480	0
481	0
482	0
483	0
484	0
485	0
486	0
487	0
488	0
489	0
490	0
491	0
492	0
493	0
494	0
495	0
496	0
497	0
498	0
499	0
500	0
501	0
502	0
503	0
504	0
505	0
506	0
507	0
508	0
509	0
510	0
511	0
512	0
513	0
514	0
515	0
516	0
517	0
518	0
519	0
520	0
521	0
522	0
523	0
524	1
525	0
526	0
527	0
528	0
529	0
530	1
531	0
532	0
533	0
534	0
535	0
536	0
537	1
538	0
539	0
540	0
541	0
542	0
543	1
544	0
545	0
546	0
547	0
548	0
549	0
550	0
551	0
552	0
553	0
554	0
555	0
556	0
557	0
558	0
559	0
560	0
561	0
562	0
563	0
564	0
565	0
566	0
567	0
568	0
569	0
570	0
571	0
572	0
573	0
574	0
575	0
576	0
577	0
578	0
579	0
580	0
581	1
582	0
583	0
584	0
585	0
586	0
587	0
588	1
589	0
590	0
591	0
592	0
593	0
594	0
595	0
596	0
597	0
598	0
599	0
600	1
601	0
602	0
603	0
604	0
605	0
606	0
607	0
608	0
609	0
610	0
611	0
612	0
613	0
614	0
615	0
616	0
617	0
618	0
619	0
620	0
621	0
622	0
623	0
624	0
625	0
626	0
627	0
628	0
629	0
630	1
631	0
632	0
633	0
634	0
635	0
636	0
637	0
638	0
639	0
640	0
641	0
642	0
643	0
644	0
645	0
646	0
647	0
648	0
649	0
650	0
651	0
652	0
653	1
654	0
655	0
656	0
657	0
658	0
659	0
660	0
661	0
662	0
663	0
664	0
665	0
666	0
667	0
668	0
669	0
670	0
671	0
672	0
673	0
674	0
675	0
676	0
677	0
678	0
679	0
680	0
681	0
682	0
683	1
684	0
685	0
686	0
687	1
688	0
689	0
690	0
691	0
692	0
693	0
694	1
695	0
696	0
697	0
698	0
699	0
700	0
701	0
702	0
703	0
704	0
705	0
706	0
707	0
708	0
709	0
710	0
711	0
712	0
713	0
714	0
715	0
716	0
717	0
718	0
719	0
720	0
721	0
722	0
723	0
724	0
725	0
726	0
727	0
728	0
729	0
730	0
731	0
732	1
733	0
734	0
735	0
736	0
737	0
738	0
739	0
740	0
741	1
742	0
743	0
744	0
745	0
746	0
747	0
748	0
749	0
750	0
751	0
752	0
753	0
754	0
755	0
756	0
757	0
758	0
759	0
760	1
761	0
762	0
763	0
764	0
765	0
766	0
767	0
768	1
769	0
770	0
771	0
772	0
773	0
774	1
775	0
776	0
777	0
778	0
779	0
780	0
781	1
782	0
783	2
784	0
785	0
786	0
787	1
788	0
789	0
790	0
791	0
792	0
793	0
794	0
795	1
796	0
797	0
798	0
799	0
800	0
801	1
802	1
803	0
804	0
805	0
806	0
807	0
808	0
809	0
810	0
811	0
812	0
813	0
814	0
815	1
816	0
817	0
818	0
819	0
820	0
821	0
822	0
823	0
824	0
825	0
826	0
827	1
828	0
829	0
830	0
831	0
832	0
833	0
834	0
835	0
836	0
837	0
838	0
839	0
840	0
841	0
842	0
843	0
844	0
845	0
846	0
847	0
848	0
849	0
850	0
851	0
852	0
853	0
854	1
855	0
856	0
857	0
858	0
859	0
860	0
861	0
862	0
863	0
864	0
865	0
866	0
867	0
868	0
869	0
870	0
871	1
872	0
873	0
874	0
875	0
876	0
877	0
878	0
879	0
880	0
881	0
882	0
883	0
884	0
885	0
886	0
887	0
888	0
889	0
890	0
891	0
892	0
893	0
894	0
895	0
896	0
897	0
898	0
899	0
900	0
901	0
902	0
903	0
904	0
905	0
906	0
907	0
908	0
909	0
910	0
911	0
912	0
913	1
914	0
915	0
916	0
917	0
918	0
919	0
920	0
921	0
922	0
923	0
924	0
925	0
926	0
927	0
928	0
929	0
930	0
931	0
932	0
933	0
934	0
935	0
936	0
937	0
938	0
939	0
940	0
941	0
942	0
943	0
944	0
945	0
946	0
947	0
948	0
949	0
950	0
951	1
952	1
953	0
954	0
955	0
956	0
957	0
958	0
959	0
960	0
961	0
962	0
963	0
964	0
965	1
966	0
967	0
968	0
969	0
970	0
971	0
972	1
973	1
974	1
975	0
976	0
977	0
978	0
979	0
980	0
981	0
982	0
983	0
984	0
985	0
986	0
987	0
988	0
989	0
990	1
991	1
992	0
993	0
994	1
995	0
996	0
997	0
998	0
999	0
1000	0
1001	0
1002	0
1003	0
1004	0
1005	0
1006	0
1007	0
1008	2
1009	0
1010	0
1011	0
1012	0
1013	0
1014	0
1015	0
1016	1
1017	0
1018	0
1019	0
1020	0
1021	0
1022	1
1023	2
1024	0
1025	0
1026	1
1027	0
1028	0
1029	0
1030	0
1031	0
1032	0
1033	0
1034	0
1035	0
1036	0
1037	0
1038	1
1039	0
1040	0
1041	0
1042	0
1043	0
1044	2
1045	0
1046	0
1047	0
1048	0
1049	0
1050	0
1051	0
1052	0
1053	0
1054	0
1055	1
1056	1
1057	0
1058	1
1059	1
1060	0
1061	0
1062	0
1063	0
1064	0
1065	0
1066	0
1067	0
1068	1
1069	1
1070	1
1071	1
1072	0
1073	0
1074	0
1075	0
1076	0
1077	0
1078	0
1079	0
1080	1
1081	0
1082	0
1083	0
1084	1
1085	0
1086	0
1087	0
1088	0
1089	0
1090	0
1091	0
1092	0
1093	0
1094	0
1095	0
1096	0
1097	1
1098	0
1099	0
1100	0
1101	0
1102	0
1103	0
1104	0
1105	1
1106	0
1107	0
1108	0
1109	0
1110	0
1111	1
1112	0
1113	0
1114	1
1115	0
1116	0
1117	0
1118	0
1119	0
1120	0
1121	0
1122	1
1123	0
1124	0
1125	0
1126	0
1127	0
1128	0
1129	1
1130	0
1131	0
1132	0
1133	0
1134	0
1135	0
1136	0
1137	0
1138	0
1139	1
1140	0
1141	0
1142	0
1143	0
1144	0
1145	0
1146	0
1147	0
1148	0
1149	0
1150	0
1151	1
1152	0
1153	0
1154	0
1155	0
1156	0
1157	0
1158	0
1159	0
1160	0
1161	0
1162	0
1163	0
1164	0
1165	3
1166	0
1167	0
1168	2
1169	0
1170	0
1171	0
1172	1
1173	2
1174	0
1175	1
1176	0
1177	2
1178	0
1179	0
1180	0
1181	1
1182	0
1183	0
1184	0
1185	0
1186	1
1187	0
1188	1
1189	0
1190	0
1191	0
1192	0
1193	0
1194	0
1195	1
1196	0
1197	0
1198	1
1199	0
1200	0
1201	1
1202	1
1203	1
1204	0
1205	0
1206	2
1207	0
1208	0
1209	0
1210	1
1211	2
1212	0
1213	0
1214	0
1215	0
1216	0
1217	1
1218	0
1219	0
1220	1
1221	0
1222	1
1223	0
1224	0
1225	0
1226	0
1227	1
1228	0
1229	0
1230	1
1231	0
1232	0
1233	0
1234	0
1235	1
1236	0
1237	0
1238	0
1239	0
1240	1
1241	1
1242	1
1243	2
1244	0
1245	0
1246	2
1247	0
1248	0
1249	2
1250	1
1251	0
1252	2
1253	0
1254	0
1255	1
1256	1
1257	0
1258	1
1259	0
1260	1
1261	2
1262	1
1263	0
1264	1
1265	4
1266	0
1267	0
1268	2
1269	1
1270	0
1271	0
1272	2
1273	1
1274	0
1275	1
1276	2
1277	1
1278	0
1279	0
1280	1
1281	1
1282	1
1283	1
1284	1
1285	0
1286	0
1287	1
1288	1
1289	2
1290	1
1291	1
1292	2
1293	1
1294	0
1295	2
1296	1
1297	2
1298	2
1299	0
1300	1
1301	0
1302	0
1303	4
1304	0
1305	1
1306	1
1307	1
1308	1
1309	3
1310	3
1311	2
1312	2
1313	1
1314	3
1315	3
1316	1
1317	0
1318	2
1319	2
1320	1
1321	1
1322	2
1323	5
1324	2
1325	1
1326	5
1327	3
1328	2
1329	4
1330	1
1331	2
1332	2
1333	2
1334	2
1335	5
1336	0
1337	1
1338	3
1339	2
1340	2
1341	3
1342	8
1343	2
1344	2
1345	1
1346	1
1347	3
1348	4
1349	1
1350	5
1351	3
1352	2
1353	2
1354	0
1355	7
1356	3
1357	3
1358	2
1359	3
1360	3
1361	3
1362	8
1363	3
1364	2
1365	4
1366	4
1367	1
1368	2
1369	0
1370	5
1371	7
1372	3
1373	4
1374	2
1375	2
1376	10
1377	2
1378	3
1379	2
1380	3
1381	4
1382	6
1383	5
1384	3
1385	6
1386	5
1387	8
1388	3
1389	5
1390	7
1391	6
1392	3
1393	5
1394	1
1395	7
1396	4
1397	1
1398	5
1399	8
1400	6
1401	5
1402	7
1403	7
1404	5
1405	6
1406	9
1407	5
1408	6
1409	9
1410	4
1411	3
1412	6
1413	6
1414	7
1415	8
1416	9
1417	7
1418	7
1419	9
1420	7
1421	6
1422	9
1423	8
1424	8
1425	9
1426	5
1427	7
1428	6
1429	12
1430	6
1431	11
1432	9
1433	11
1434	7
1435	7
1436	9
1437	11
1438	7
1439	20
1440	18
1441	26
1442	25
1443	24
1444	24
1445	31
1446	23
1447	29
1448	36
1449	30
1450	37
1451	18
1452	29
1453	25
1454	38
1455	27
1456	24
1457	26
1458	23
1459	23
1460	27
1461	32
1462	25
1463	28
1464	36
1465	26
1466	26
1467	40
1468	24
1469	19
1470	40
1471	22
1472	36
1473	26
1474	32
1475	28
1476	39
1477	34
1478	37
1479	30
1480	26
1481	38
1482	35
1483	25
1484	32
1485	37
1486	30
1487	45
1488	26
1489	40
1490	22
1491	36
1492	31
1493	26
1494	33
1495	27
1496	23
1497	22
1498	34
1499	28
1500	24
1501	26
1502	30
1503	29
1504	29
1505	29
1506	23
1507	30
1508	27
1509	28
1510	31
1511	39
1512	30
1513	34
1514	36
1515	28
1516	29
1517	36
1518	35
1519	41
1520	37
1521	34
1522	38
1523	40
1524	35
1525	36
1526	25
1527	26
1528	41
1529	43
1530	39
1531	45
1532	25
1533	42
1534	39
1535	43
1536	35
1537	40
1538	37
1539	37
1540	25
1541	28
1542	30
1543	36
1544	41
1545	36
1546	33
1547	34
1548	41
1549	36
1550	38
1551	34
1552	33
1553	34
1554	53
1555	41
1556	40
1557	29
1558	31
1559	43
1560	38
1561	38
1562	34
1563	32
1564	44
1565	47
1566	39
1567	41
1568	36
1569	37
1570	29
1571	36
1572	35
1573	44
1574	49
1575	37
1576	39
1577	38
1578	45
1579	27
1580	35
1581	38
1582	43
1583	48
1584	43
1585	37
1586	35
1587	53
1588	40
1589	42
1590	40
1591	48
1592	36
1593	45
1594	29
1595	34
1596	42
1597	35
1598	37
1599	49
1600	55
1601	46
1602	44
1603	76
1604	165
1605	321
1606	502
1607	548
1608	570
1609	524
1610	555
1611	574
1612	580
1613	570
1614	579
1615	571
1616	523
1617	570
1618	500
1619	567
1620	529
1621	511
1622	578
1623	580
1624	539
1625	527
1626	570
1627	526
1628	541
1629	553
1630	569
1631	581
1632	553
1633	607
1634	559
1635	530
1636	543
1637	567
1638	583
1639	555
1640	591
1641	584
1642	538
1643	577
1644	578
1645	516
1646	593
1647	584
1648	579
1649	568
1650	560
1651	554
1652	531
1653	546
1654	536
1655	548
1656	600
1657	520
1658	578
1659	550
1660	563
1661	539
1662	521
1663	542
1664	557
1665	573
1666	563
1667	586
1668	550
1669	545
1670	571
1671	587
1672	558
1673	576
1674	562
1675	525
1676	550
1677	535
1678	541
1679	545
1680	592
1681	586
1682	535
1683	545
1684	577
1685	537
1686	565
1687	594
1688	545
1689	568
1690	558
1691	578
1692	524
1693	543
1694	575
1695	533
1696	564
1697	582
1698	528
1699	598
1700	522
1701	581
1702	542
1703	528
1704	513
1705	538
1706	550
1707	562
1708	556
1709	542
1710	561
1711	579
1712	562
1713	595
1714	516
1715	571
1716	530
1717	563
1718	533
1719	571
1720	523
1721	535
1722	579
1723	550
1724	537
1725	567
1726	553
1727	503
1728	499
1729	531
1730	541
1731	540
1732	568
1733	519
1734	544
1735	557
1736	549
1737	557
1738	523
1739	546
1740	552
1741	499
1742	502
1743	526
1744	515
1745	558
1746	590
1747	490
1748	504
1749	560
1750	489
1751	533
1752	523
1753	513
1754	537
1755	537
1756	507
1757	518
1758	523
1759	532
1760	523
1761	544
1762	590
1763	549
1764	529
1765	571
1766	508
1767	483
1768	528
1769	522
1770	528
1771	509
1772	540
1773	527
1774	548
1775	539
1776	514
1777	562
1778	547
1779	573
1780	525
1781	511
1782	531
1783	528
1784	510
1785	512
1786	530
1787	591
1788	504
1789	509
1790	497
1791	541
1792	505
1793	524
1794	460
1795	516
1796	473
1797	501
1798	511
1799	511
1800	525
1801	518
1802	544
1803	501
1804	516
1805	498
1806	503
1807	525
1808	514
1809	495
1810	523
1811	513
1812	450
1813	565
1814	499
1815	524
1816	513
1817	496
1818	503
1819	477
1820	517
1821	513
1822	488
1823	540
1824	487
1825	502
1826	520
1827	515
1828	528
1829	506
1830	471
1831	510
1832	544
1833	492
1834	554
1835	477
1836	511
1837	500
1838	479
1839	494
1840	509
1841	535
1842	539
1843	520
1844	526
1845	507
1846	492
1847	519
1848	483
1849	494
1850	516
1851	485
1852	443
1853	543
1854	485
1855	491
1856	456
1857	474
1858	482
1859	502
1860	461
1861	473
1862	497
1863	470
1864	465
1865	497
1866	527
1867	497
1868	516
1869	509
1870	528
1871	479
1872	485
1873	517
1874	494
1875	479
1876	492
1877	497
1878	492
1879	504
1880	491
1881	491
1882	477
1883	483
1884	503
1885	502
1886	501
1887	501
1888	519
1889	508
1890	504
1891	492
1892	481
1893	473
1894	493
1895	491
1896	510
1897	444
1898	460
1899	472
1900	483
1901	512
1902	488
1903	547
1904	492
1905	447
1906	480
1907	464
1908	515
1909	460
1910	458
1911	506
1912	490
1913	484
1914	478
1915	469
1916	490
1917	488
1918	487
1919	464
1920	485
1921	455
1922	495
1923	480
1924	490
1925	453
1926	480
1927	484
1928	501
1929	498
1930	500
1931	473
1932	486
1933	512
1934	487
1935	500
1936	475
1937	453
1938	505
1939	474
1940	456
1941	494
1942	439
1943	455
1944	486
1945	454
1946	445
1947	501
1948	489
1949	471
1950	488
1951	519
1952	521
1953	474
1954	508
1955	461
1956	505
1957	455
1958	514
1959	483
1960	474
1961	491
1962	419
1963	487
1964	462
1965	473
1966	471
1967	497
1968	475
1969	464
1970	523
1971	480
1972	509
1973	474
1974	509
1975	506
1976	475
1977	514
1978	449
1979	480
1980	453
1981	432
1982	483
1983	467
1984	499
1985	488
1986	457
1987	476
1988	511
1989	474
1990	488
1991	457
1992	489
1993	473
1994	491
1995	506
1996	467
1997	460
1998	488
1999	433
2000	502
2001	461
2002	488
2003	494
2004	483
2005	461
2006	487
2007	463
2008	475
2009	514
2010	502
2011	490
2012	487
2013	499
2014	494
2015	476
2016	502
2017	481
2018	452
2019	469
2020	496
2021	453
2022	510
2023	481
2024	474
2025	481
2026	474
2027	465
2028	460
2029	478
2030	478
2031	480
2032	516
2033	509
2034	525
2035	480
2036	456
2037	474
2038	476
2039	435
2040	481
2041	483
2042	497
2043	454
2044	465
2045	468
2046	503
2047	458
2048	504
2049	461
2050	476
2051	446
2052	493
2053	513
2054	470
2055	463
2056	438
2057	477
2058	467
2059	474
2060	470
2061	485
2062	456
2063	498
2064	478
2065	444
2066	509
2067	461
2068	499
2069	473
2070	504
2071	467
2072	478
2073	471
2074	452
2075	474
2076	496
2077	514
2078	466
2079	475
2080	467
2081	466
2082	536
2083	470
2084	475
2085	484
2086	451
2087	463
2088	468
2089	495
2090	493
2091	463
2092	463
2093	433
2094	449
2095	480
2096	447
2097	482
2098	473
2099	512
2100	493
2101	472
2102	475
2103	476
2104	505
2105	506
2106	458
2107	465
2108	504
2109	453
2110	487
2111	513
2112	507
2113	504
2114	471
2115	493
2116	461
2117	499
2118	496
2119	469
2120	463
2121	502
2122	492
2123	488
2124	484
2125	484
2126	494
2127	501
2128	476
2129	449
2130	468
2131	495
2132	524
2133	468
2134	461
2135	453
2136	468
2137	468
2138	462
2139	456
2140	480
2141	507
2142	460
2143	490
2144	496
2145	471
2146	486
2147	459
2148	463
2149	455
2150	515
2151	463
2152	462
2153	456
2154	454
2155	470
2156	444
2157	484
2158	452
2159	505
2160	500
2161	492
2162	455
2163	421
2164	460
2165	492
2166	519
2167	506
2168	491
2169	479
2170	471
2171	482
2172	480
2173	476
2174	503
2175	491
2176	493
2177	487
2178	488
2179	434
2180	455
2181	425
2182	459
2183	495
2184	455
2185	431
2186	447
2187	486
2188	483
2189	470
2190	517
2191	456
2192	442
2193	517
2194	488
2195	491
2196	450
2197	499
2198	478
2199	464
2200	467
2201	480
2202	507
2203	489
2204	460
2205	497
2206	478
2207	485
2208	467
2209	480
2210	493
2211	485
2212	511
2213	462
2214	482
2215	454
2216	503
2217	493
2218	486
2219	508
2220	424
2221	463
2222	444
2223	488
2224	496
2225	498
2226	465
2227	481
2228	509
2229	489
2230	484
2231	481
2232	474
2233	475
2234	501
2235	455
2236	468
2237	490
2238	444
2239	472
2240	472
2241	534
2242	444
2243	500
2244	445
2245	467
2246	508
2247	481
2248	472
2249	507
2250	490
2251	450
2252	506
2253	514
2254	434
2255	520
2256	458
2257	476
2258	472
2259	466
2260	467
2261	485
2262	501
2263	474
2264	471
2265	471
2266	473
2267	502
2268	460
2269	441
2270	469
2271	456
2272	471
2273	477
2274	471
2275	503
2276	453
2277	498
2278	463
2279	484
2280	500
2281	474
2282	448
2283	474
2284	451
2285	487
2286	445
2287	462
2288	490
2289	454
2290	491
2291	490
2292	471
2293	458
2294	441
2295	518
2296	496
2297	464
2298	434
2299	460
2300	486
2301	470
2302	466
2303	476
2304	479
2305	498
2306	513
2307	451
2308	473
2309	451
2310	456
2311	478
2312	483
2313	482
2314	456
2315	478
2316	453
2317	498
2318	464
2319	500
2320	487
2321	464
2322	455
2323	480
2324	506
2325	469
2326	527
2327	431
2328	462
2329	483
2330	461
2331	472
2332	502
2333	470
2334	508
2335	507
2336	526
2337	538
2338	495
2339	496
2340	505
2341	493
2342	475
2343	505
2344	488
2345	468
2346	498
2347	483
2348	493
2349	509
2350	480
2351	472
2352	444
2353	469
2354	462
2355	513
2356	451
2357	477
2358	519
2359	496
2360	492
2361	483
2362	447
2363	501
2364	530
2365	506
2366	513
2367	497
2368	509
2369	459
2370	477
2371	486
2372	526
2373	496
2374	485
2375	499
2376	539
2377	523
2378	489
2379	506
2380	476
2381	467
2382	536
2383	468
2384	498
2385	483
2386	532
2387	514
2388	483
2389	504
2390	501
2391	528
2392	527
2393	522
2394	489
2395	490
2396	591
2397	508
2398	556
2399	517
2400	489
2401	506
2402	528
2403	506
2404	525
2405	495
2406	527
2407	506
2408	506
2409	533
2410	499
2411	536
2412	519
2413	518
2414	509
2415	543
2416	506
2417	517
2418	536
2419	540
2420	520
2421	581
2422	544
2423	529
2424	541
2425	532
2426	545
2427	516
2428	599
2429	553
2430	538
2431	507
2432	591
2433	569
2434	550
2435	557
2436	601
2437	537
2438	562
2439	541
2440	551
2441	542
2442	591
2443	576
2444	584
2445	539
2446	604
2447	563
2448	579
2449	561
2450	565
2451	556
2452	565
2453	544
2454	613
2455	610
2456	549
2457	578
2458	583
2459	563
2460	633
2461	596
2462	576
2463	601
2464	618
2465	568
2466	603
2467	603
2468	564
2469	633
2470	629
2471	611
2472	626
2473	615
2474	619
2475	625
2476	679
2477	610
2478	648
2479	667
2480	630
2481	662
2482	631
2483	592
2484	638
2485	611
2486	652
2487	605
2488	684
2489	666
2490	628
2491	660
2492	633
2493	704
2494	664
2495	640
2496	623
2497	718
2498	620
2499	649
2500	752
2501	633
2502	687
2503	735
2504	691
2505	699
2506	676
2507	683
2508	634
2509	671
2510	696
2511	647
2512	697
2513	667
2514	662
2515	704
2516	681
2517	689
2518	708
2519	755
2520	708
2521	730
2522	684
2523	684
2524	741
2525	700
2526	695
2527	713
2528	776
2529	733
2530	706
2531	703
2532	740
2533	747
2534	774
2535	761
2536	739
2537	744
2538	752
2539	704
2540	725
2541	743
2542	746
2543	833
2544	760
2545	792
2546	716
2547	740
2548	727
2549	837
2550	810
2551	725
2552	847
2553	803
2554	835
2555	828
2556	765
2557	840
2558	769
2559	810
2560	773
2561	771
2562	785
2563	833
2564	813
2565	813
2566	896
2567	797
2568	845
2569	783
2570	866
2571	842
2572	805
2573	806
2574	837
2575	844
2576	848
2577	840
2578	863
2579	836
2580	832
2581	863
2582	949
2583	901
2584	890
2585	901
2586	885
2587	846
2588	887
2589	848
2590	903
2591	940
2592	904
2593	828
2594	865
2595	926
2596	893
2597	921
2598	960
2599	941
2600	871
2601	910
2602	944
2603	967
2604	916
2605	910
2606	951
2607	972
2608	999
2609	977
2610	961
2611	993
2612	974
2613	973
2614	980
2615	975
2616	985
2617	993
2618	977
2619	972
2620	999
2621	1038
2622	967
2623	998
2624	967
2625	1030
2626	1046
2627	979
2628	1057
2629	1020
2630	1039
2631	1055
2632	1022
2633	1032
2634	1000
2635	989
2636	1046
2637	1013
2638	997
2639	1051
2640	1038
2641	1062
2642	1054
2643	1085
2644	1021
2645	1086
2646	1123
2647	1001
2648	1031
2649	1044
2650	1067
2651	1038
2652	1098
2653	1036
2654	1112
2655	1052
2656	1062
2657	1142
2658	1080
2659	1048
2660	1079
2661	1056
2662	1109
2663	1073
2664	1135
2665	1164
2666	1128
2667	1151
2668	1155
2669	1126
2670	1158
2671	1119
2672	1124
2673	1103
2674	1141
2675	1190
2676	1122
2677	1146
2678	1170
2679	1192
2680	1182
2681	1184
2682	1201
2683	1123
2684	1205
2685	1179
2686	1173
2687	1204
2688	1180
2689	1178
2690	1220
2691	1208
2692	1229
2693	1178
2694	1210
2695	1184
2696	1183
2697	1232
2698	1317
2699	1228
2700	1157
2701	1247
2702	1166
2703	1239
2704	1276
2705	1236
2706	1235
2707	1206
2708	1227
2709	1201
2710	1261
2711	1261
2712	1262
2713	1218
2714	1162
2715	1157
2716	1248
2717	1262
2718	1214
2719	1271
2720	1243
2721	1320
2722	1199
2723	1243
2724	1321
2725	1221
2726	1235
2727	1262
2728	1248
2729	1253
2730	1297
2731	1269
2732	1247
2733	1323
2734	1331
2735	1300
2736	1298
2737	1325
2738	1309
2739	1241
2740	1272
2741	1296
2742	1195
2743	1261
2744	1369
2745	1291
2746	1303
2747	1292
2748	1217
2749	1277
2750	1362
2751	1319
2752	1370
2753	1306
2754	1301
2755	1254
2756	1319
2757	1312
2758	1302
2759	1371
2760	1300
2761	1285
2762	1243
2763	1305
2764	1316
2765	1350
2766	1303
2767	1324
2768	1264
2769	1281
2770	1247
2771	1341
2772	1303
2773	1315
2774	1256
2775	1309
2776	1378
2777	1373
2778	1315
2779	1285
2780	1347
2781	1292
2782	1335
2783	1336
2784	1367
2785	1286
2786	1328
2787	1381
2788	1301
2789	1385
2790	1318
2791	1345
2792	1266
2793	1357
2794	1329
2795	1310
2796	1340
2797	1365
2798	1361
2799	1329
2800	1352
2801	1298
2802	1347
2803	1362
2804	1321
2805	1365
2806	1298
2807	1322
2808	1350
2809	1379
2810	1313
2811	1318
2812	1342
2813	1289
2814	1377
2815	1357
2816	1254
2817	1272
2818	1247
2819	1252
2820	1306
2821	1303
2822	1328
2823	1293
2824	1327
2825	1289
2826	1333
2827	1306
2828	1313
2829	1353
2830	1279
2831	1320
2832	1346
2833	1373
2834	1341
2835	1305
2836	1323
2837	1326
2838	1325
2839	1272
2840	1262
2841	1375
2842	1338
2843	1338
2844	1373
2845	1308
2846	1264
2847	1268
2848	1359
2849	1341
2850	1267
2851	1251
2852	1236
2853	1224
2854	1308
2855	1351
2856	1300
2857	1268
2858	1251
2859	1242
2860	1316
2861	1301
2862	1233
2863	1258
2864	1211
2865	1327
2866	1273
2867	1209
2868	1237
2869	1304
2870	1252
2871	1227
2872	1268
2873	1252
2874	1304
2875	1249
2876	1268
2877	1293
2878	1175
2879	1236
2880	1276
2881	1269
2882	1247
2883	1305
2884	1176
2885	1268
2886	1176
2887	1205
2888	1205
2889	1245
2890	1238
2891	1163
2892	1223
2893	1202
2894	1167
2895	1169
2896	1224
2897	1234
2898	1172
2899	1216
2900	1171
2901	1209
2902	1266
2903	1133
2904	1193
2905	1189
2906	1205
2907	1130
2908	1135
2909	1190
2910	1172
2911	1259
2912	1202
2913	1221
2914	1176
2915	1269
2916	1174
2917	1201
2918	1168
2919	1175
2920	1166
2921	1237
2922	1175
2923	1202
2924	1146
2925	1156
2926	1148
2927	1133
2928	1119
2929	1150
2930	1172
2931	1151
2932	1194
2933	1136
2934	1187
2935	1181
2936	1097
2937	1148
2938	1192
2939	1067
2940	1171
2941	1101
2942	1131
2943	1147
2944	1067
2945	1064
2946	1152
2947	1138
2948	1077
2949	1144
2950	1099
2951	1129
2952	1091
2953	1141
2954	1051
2955	1114
2956	1080
2957	1118
2958	1141
2959	1096
2960	1148
2961	1077
2962	1110
2963	1114
2964	1142
2965	1058
2966	1168
2967	1034
2968	1159
2969	1097
2970	1151
2971	1053
2972	1057
2973	1093
2974	1036
2975	1129
2976	1099
2977	1122
2978	1044
2979	1048
2980	1114
2981	1058
2982	1094
2983	1052
2984	1002
2985	1131
2986	1061
2987	1069
2988	1060
2989	1074
2990	1051
2991	1077
2992	1002
2993	1024
2994	1032
2995	1073
2996	994
2997	982
2998	1034
2999	985
3000	1074
3001	1085
3002	1062
3003	1031
3004	1082
3005	996
3006	1044
3007	1100
3008	1078
3009	1064
3010	1097
3011	1053
3012	991
3013	1081
3014	1039
3015	1031
3016	1017
3017	1039
3018	1004
3019	983
3020	1009
3021	1036
3022	1044
3023	1082
3024	1026
3025	1036
3026	1063
3027	977
3028	1099
3029	1049
3030	1047
3031	1009
3032	980
3033	964
3034	1019
3035	982
3036	1009
3037	1018
3038	1011
3039	1052
3040	1019
3041	1003
3042	1019
3043	1062
3044	977
3045	1066
3046	1003
3047	1071
3048	1059
3049	1021
3050	1048
3051	1015
3052	1018
3053	1021
3054	1010
3055	999
3056	1002
3057	1064
3058	1024
3059	981
3060	927
3061	1008
3062	1032
3063	1038
3064	1013
3065	1027
3066	1022
3067	1023
3068	1008
3069	992
3070	1036
3071	967
3072	1004
3073	1054
3074	1024
3075	1019
3076	973
3077	1022
3078	1025
3079	1000
3080	1050
3081	1080
3082	1031
3083	988
3084	953
3085	969
3086	999
3087	1022
3088	1016
3089	935
3090	977
3091	981
3092	949
3093	1046
3094	966
3095	1023
3096	993
3097	1002
3098	1038
3099	993
3100	1010
3101	999
3102	1013
3103	1057
3104	996
3105	986
3106	1027
3107	987
3108	1014
3109	954
3110	1003
3111	1007
3112	971
3113	985
3114	1014
3115	976
3116	1045
3117	1000
3118	976
3119	1007
3120	1038
3121	988
3122	991
3123	1015
3124	1055
3125	1053
3126	1051
3127	1074
3128	997
3129	976
3130	1022
3131	1012
3132	1042
3133	975
3134	998
3135	1084
3136	1010
3137	987
3138	1069
3139	992
3140	1028
3141	983
3142	1032
3143	1071
3144	1087
3145	1019
3146	1075
3147	1059
3148	966
3149	964
3150	1052
3151	1053
3152	1058
3153	1021
3154	1081
3155	977
3156	1012
3157	1025
3158	1032
3159	1019
3160	1043
3161	1048
3162	1009
3163	1029
3164	1070
3165	1054
3166	1024
3167	1044
3168	1021
3169	1061
3170	1047
3171	1008
3172	1045
3173	1036
3174	1117
3175	1047
3176	1030
3177	1077
3178	1101
3179	1050
3180	1060
3181	1003
3182	1091
3183	1005
3184	1027
3185	1024
3186	1046
3187	1086
3188	1038
3189	1025
3190	1065
3191	1028
3192	1102
3193	1028
3194	1063
3195	1014
3196	1048
3197	1136
3198	1015
3199	1054
3200	1003
3201	1036
3202	1074
3203	1097
3204	1026
3205	1091
3206	1076
3207	1068
3208	1039
3209	1043
3210	1033
3211	1056
3212	1012
3213	1047
3214	1117
3215	1053
3216	1053
3217	1083
3218	1050
3219	1071
3220	1108
3221	1102
3222	1055
3223	1092
3224	1082
3225	1076
3226	987
3227	1073
3228	1116
3229	1098
3230	1097
3231	1096
3232	1113
3233	1063
3234	1059
3235	1034
3236	1051
3237	1064
3238	1076
3239	1084
3240	1003
3241	1025
3242	1048
3243	1112
3244	1066
3245	1023
3246	1087
3247	1088
3248	1088
3249	1044
3250	1124
3251	1031
3252	1099
3253	1023
3254	1077
3255	1068
3256	999
3257	1095
3258	1079
3259	1044
3260	1069
3261	1060
3262	1041
3263	1058
3264	1059
3265	1068
3266	1080
3267	1102
3268	1049
3269	1065
3270	1100
3271	1096
3272	1049
3273	1115
3274	1048
3275	1142
3276	1088
3277	1031
3278	1064
3279	1099
3280	1072
3281	1097
3282	1128
3283	1078
3284	1031
3285	1111
3286	1094
3287	1052
3288	1070
3289	1056
3290	1103
3291	1115
3292	1108
3293	1080
3294	1057
3295	1115
3296	1051
3297	1117
3298	1092
3299	1062
3300	1109
3301	1140
3302	1011
3303	1141
3304	1077
3305	1088
3306	1109
3307	1033
3308	1094
3309	1051
3310	1061
3311	1067
3312	1099
3313	1108
3314	1038
3315	1080
3316	986
3317	1074
3318	1127
3319	1042
3320	1064
3321	1058
3322	1050
3323	1034
3324	1077
3325	1094
3326	1047
3327	1094
3328	1084
3329	1014
3330	1060
3331	1073
3332	1067
3333	1057
3334	1048
3335	1099
3336	1077
3337	1129
3338	1027
3339	1054
3340	1031
3341	1083
3342	1063
3343	1067
3344	1062
3345	1079
3346	1122
3347	995
3348	1079
3349	1045
3350	1080
3351	1043
3352	1027
3353	1120
3354	1031
3355	1057
3356	1052
3357	1121
3358	1104
3359	1059
3360	1057
3361	1034
3362	1074
3363	1090
3364	1046
3365	1073
3366	1031
3367	1073
3368	1071
3369	1069
3370	1153
3371	1039
3372	1066
3373	1021
3374	1084
3375	1073
3376	1076
3377	1138
3378	1039
3379	1035
3380	1030
3381	989
3382	1034
3383	1015
3384	1070
3385	1011
3386	1045
3387	1059
3388	1106
3389	1034
3390	1075
3391	1082
3392	1086
3393	1029
3394	1002
3395	1095
3396	1101
3397	1070
3398	999
3399	1049
3400	1065
3401	1026
3402	1094
3403	995
3404	1066
3405	1057
3406	1061
3407	1010
3408	1016
3409	1057
3410	1001
3411	1042
3412	1107
3413	1035
3414	1090
3415	1040
3416	1056
3417	1043
3418	1019
3419	1052
3420	1051
3421	1094
3422	984
3423	1031
3424	1065
3425	1104
3426	1018
3427	1040
3428	1051
3429	995
3430	1015
3431	1052
3432	1032
3433	1019
3434	1054
3435	1021
3436	1020
3437	1011
3438	1103
3439	1066
3440	1027
3441	1063
3442	1023
3443	1067
3444	977
3445	982
3446	1062
3447	1042
3448	1056
3449	1051
3450	999
3451	1049
3452	1025
3453	1043
3454	1069
3455	1075
3456	1015
3457	1029
3458	1062
3459	1011
3460	1018
3461	1018
3462	1002
3463	1006
3464	1009
3465	1051
3466	1001
3467	1051
3468	1021
3469	991
3470	1005
3471	1051
3472	1014
3473	1026
3474	1040
3475	1015
3476	1023
3477	1030
3478	1016
3479	1053
3480	1021
3481	997
3482	1059
3483	984
3484	1034
3485	1016
3486	1027
3487	993
3488	958
3489	1067
3490	1019
3491	1014
3492	968
3493	943
3494	959
3495	1022
3496	1045
3497	1071
3498	1044
3499	1062
3500	980
3501	1031
3502	985
3503	928
3504	1062
3505	1020
3506	1008
3507	995
3508	1020
3509	1041
3510	969
3511	1016
3512	951
3513	947
3514	964
3515	967
3516	1000
3517	1001
3518	933
3519	1001
3520	1010
3521	994
3522	973
3523	975
3524	994
3525	962
3526	1001
3527	1024
3528	990
3529	1032
3530	1024
3531	993
3532	994
3533	965
3534	1016
3535	952
3536	953
3537	981
3538	972
3539	1002
3540	944
3541	968
3542	1007
3543	1008
3544	993
3545	1003
3546	963
3547	1067
3548	1014
3549	965
3550	997
3551	938
3552	979
3553	916
3554	952
3555	980
3556	999
3557	951
3558	931
3559	1028
3560	991
3561	1018
3562	990
3563	964
3564	1000
3565	975
3566	1000
3567	976
3568	974
3569	977
3570	978
3571	1038
3572	981
3573	971
3574	968
3575	1001
3576	996
3577	1036
3578	937
3579	985
3580	969
3581	968
3582	989
3583	972
3584	977
3585	914
3586	981
3587	931
3588	983
3589	975
3590	1015
3591	947
3592	1065
3593	938
3594	916
3595	996
3596	961
3597	954
3598	1016
3599	952
3600	998
3601	958
3602	1053
3603	928
3604	990
3605	986
3606	951
3607	946
3608	1012
3609	956
3610	938
3611	993
3612	908
3613	923
3614	948
3615	966
3616	946
3617	948
3618	970
3619	933
3620	930
3621	988
3622	988
3623	972
3624	1058
3625	932
3626	937
3627	915
3628	944
3629	1011
3630	906
3631	1002
3632	970
3633	910
3634	972
3635	1012
3636	965
3637	979
3638	893
3639	911
3640	987
3641	945
3642	973
3643	956
3644	964
3645	1008
3646	927
3647	927
3648	969
3649	991
3650	934
3651	937
3652	931
3653	940
3654	946
3655	917
3656	961
3657	940
3658	886
3659	956
3660	950
3661	930
3662	919
3663	973
3664	921
3665	941
3666	936
3667	913
3668	896
3669	970
3670	952
3671	923
3672	877
3673	930
3674	957
3675	909
3676	897
3677	873
3678	907
3679	908
3680	961
3681	927
3682	938
3683	910
3684	940
3685	937
3686	930
3687	906
3688	919
3689	897
3690	919
3691	885
3692	925
3693	971
3694	903
3695	944
3696	939
3697	881
3698	930
3699	890
3700	860
3701	943
3702	898
3703	904
3704	920
3705	900
3706	954
3707	851
3708	907
3709	902
3710	898
3711	926
3712	920
3713	917
3714	889
3715	923
3716	917
3717	925
3718	881
3719	995
3720	886
3721	910
3722	900
3723	870
3724	882
3725	867
3726	943
3727	934
3728	929
3729	938
3730	930
3731	886
3732	935
3733	946
3734	922
3735	838
3736	924
3737	935
3738	893
3739	884
3740	944
3741	898
3742	863
3743	839
3744	877
3745	900
3746	884
3747	926
3748	916
3749	892
3750	874
3751	897
3752	908
3753	911
3754	866
3755	897
3756	909
3757	897
3758	833
3759	870
3760	947
3761	869
3762	850
3763	910
3764	850
3765	858
3766	883
3767	884
3768	891
3769	919
3770	870
3771	862
3772	875
3773	858
3774	872
3775	864
3776	914
3777	904
3778	882
3779	869
3780	878
3781	925
3782	884
3783	938
3784	856
3785	904
3786	877
3787	834
3788	878
3789	871
3790	863
3791	875
3792	835
3793	872
3794	891
3795	848
3796	832
3797	833
3798	912
3799	873
3800	871
3801	867
3802	883
3803	867
3804	850
3805	874
3806	858
3807	862
3808	851
3809	845
3810	865
3811	825
3812	840
3813	855
3814	852
3815	829
3816	854
3817	885
3818	827
3819	826
3820	858
3821	862
3822	841
3823	847
3824	865
3825	847
3826	896
3827	858
3828	866
3829	864
3830	889
3831	832
3832	791
3833	862
3834	844
3835	806
3836	873
3837	853
3838	867
3839	842
3840	865
3841	819
3842	886
3843	878
3844	841
3845	861
3846	870
3847	831
3848	801
3849	845
3850	868
3851	841
3852	785
3853	830
3854	850
3855	835
3856	853
3857	825
3858	882
3859	799
3860	820
3861	863
3862	774
3863	833
3864	850
3865	787
3866	847
3867	812
3868	872
3869	843
3870	846
3871	810
3872	813
3873	830
3874	855
3875	835
3876	861
3877	787
3878	802
3879	821
3880	782
3881	814
3882	811
3883	855
3884	832
3885	806
3886	822
3887	827
3888	805
3889	866
3890	882
3891	789
3892	855
3893	760
3894	840
3895	884
3896	777
3897	840
3898	785
3899	836
3900	826
3901	871
3902	856
3903	797
3904	857
3905	834
3906	775
3907	780
3908	821
3909	813
3910	839
3911	808
3912	785
3913	789
3914	793
3915	768
3916	775
3917	787
3918	757
3919	828
3920	864
3921	825
3922	813
3923	843
3924	847
3925	873
3926	842
3927	797
3928	780
3929	797
3930	847
3931	813
3932	838
3933	800
3934	803
3935	834
3936	803
3937	783
3938	834
3939	784
3940	800
3941	786
3942	840
3943	827
3944	809
3945	764
3946	823
3947	715
3948	755
3949	823
3950	815
3951	790
3952	790
3953	763
3954	754
3955	766
3956	834
3957	791
3958	776
3959	800
3960	782
3961	733
3962	765
3963	747
3964	778
3965	761
3966	815
3967	788
3968	792
3969	761
3970	781
3971	803
3972	786
3973	801
3974	810
3975	835
3976	814
3977	760
3978	846
3979	793
3980	754
3981	745
3982	818
3983	775
3984	801
3985	720
3986	808
3987	832
3988	787
3989	752
3990	793
3991	770
3992	787
3993	778
3994	808
3995	747
3996	815
3997	783
3998	758
3999	780
4000	804
4001	786
4002	760
4003	705
4004	752
4005	813
4006	766
4007	804
4008	805
4009	772
4010	767
4011	744
4012	739
4013	788
4014	808
4015	775
4016	784
4017	744
4018	761
4019	778
4020	776
4021	725
4022	749
4023	769
4024	749
4025	758
4026	715
4027	739
4028	767
4029	784
4030	792
4031	765
4032	747
4033	745
4034	779
4035	702
4036	727
4037	759
4038	754
4039	698
4040	773
4041	801
4042	722
4043	766
4044	773
4045	775
4046	759
4047	765
4048	772
4049	759
4050	776
4051	757
4052	720
4053	740
4054	723
4055	757
4056	728
4057	696
4058	720
4059	740
4060	782
4061	727
4062	738
4063	771
4064	663
4065	740
4066	722
4067	766
4068	793
4069	719
4070	756
4071	724
4072	735
4073	746
4074	733
4075	752
4076	730
4077	764
4078	732
4079	730
4080	674
4081	770
4082	710
4083	715
4084	723
4085	708
4086	749
4087	748
4088	698
4089	746
4090	739
4091	780
4092	766
4093	762
4094	738
4095	733
4096	785
4097	772
4098	732
4099	669
4100	703
4101	726
4102	729
4103	731
4104	726
4105	731
4106	698
4107	715
4108	681
4109	699
4110	673
4111	718
4112	753
4113	716
4114	711
4115	776
4116	737
4117	689
4118	699
4119	723
4120	713
4121	760
4122	702
4123	707
4124	689
4125	692
4126	752
4127	726
4128	738
4129	757
4130	681
4131	732
4132	635
4133	716
4134	702
4135	704
4136	668
4137	710
4138	732
4139	725
4140	704
4141	746
4142	736
4143	702
4144	730
4145	674
4146	699
4147	686
4148	733
4149	731
4150	685
4151	668
4152	657
4153	749
4154	741
4155	700
4156	678
4157	690
4158	726
4159	696
4160	684
4161	696
4162	634
4163	705
4164	660
4165	692
4166	702
4167	700
4168	699
4169	681
4170	680
4171	664
4172	691
4173	691
4174	733
4175	738
4176	695
4177	721
4178	714
4179	665
4180	683
4181	675
4182	657
4183	698
4184	723
4185	635
4186	652
4187	691
4188	687
4189	656
4190	655
4191	703
4192	687
4193	672
4194	673
4195	707
4196	698
4197	696
4198	631
4199	658
4200	655
4201	683
4202	685
4203	669
4204	693
4205	622
4206	710
4207	683
4208	663
4209	652
4210	625
4211	668
4212	612
4213	656
4214	670
4215	624
4216	666
4217	669
4218	671
4219	627
4220	613
4221	688
4222	689
4223	622
4224	663
4225	661
4226	700
4227	654
4228	688
4229	638
4230	652
4231	711
4232	652
4233	672
4234	647
4235	692
4236	671
4237	650
4238	642
4239	669
4240	618
4241	649
4242	695
4243	659
4244	665
4245	622
4246	630
4247	684
4248	638
4249	671
4250	657
4251	639
4252	649
4253	654
4254	657
4255	614
4256	672
4257	615
4258	641
4259	626
4260	650
4261	616
4262	629
4263	582
4264	614
4265	719
4266	643
4267	647
4268	636
4269	663
4270	648
4271	654
4272	673
4273	626
4274	673
4275	671
4276	628
4277	557
4278	654
4279	643
4280	610
4281	592
4282	654
4283	613
4284	653
4285	611
4286	600
4287	696
4288	585
4289	614
4290	636
4291	637
4292	645
4293	593
4294	630
4295	621
4296	633
4297	616
4298	621
4299	634
4300	594
4301	622
4302	648
4303	631
4304	600
4305	619
4306	617
4307	631
4308	625
4309	616
4310	642
4311	597
4312	614
4313	644
4314	635
4315	632
4316	601
4317	647
4318	627
4319	608
4320	610
4321	569
4322	553
4323	592
4324	650
4325	594
4326	606
4327	591
4328	599
4329	605
4330	585
4331	587
4332	597
4333	600
4334	630
4335	631
4336	618
4337	614
4338	602
4339	581
4340	601
4341	585
4342	595
4343	592
4344	636
4345	581
4346	606
4347	593
4348	602
4349	585
4350	555
4351	629
4352	553
4353	602
4354	616
4355	594
4356	581
4357	578
4358	594
4359	617
4360	613
4361	602
4362	615
4363	596
4364	588
4365	559
4366	598
4367	633
4368	618
4369	573
4370	562
4371	567
4372	586
4373	551
4374	595
4375	634
4376	623
4377	576
4378	555
4379	630
4380	574
4381	588
4382	560
4383	551
4384	589
4385	561
4386	572
4387	593
4388	593
4389	574
4390	628
4391	637
4392	609
4393	555
4394	550
4395	578
4396	581
4397	579
4398	577
4399	567
4400	578
4401	605
4402	575
4403	568
4404	616
4405	588
4406	585
4407	586
4408	571
4409	586
4410	596
4411	591
4412	576
4413	600
4414	556
4415	560
4416	612
4417	554
4418	518
4419	562
4420	600
4421	583
4422	547
4423	629
4424	523
4425	572
4426	553
4427	561
4428	527
4429	538
4430	572
4431	528
4432	580
4433	560
4434	575
4435	566
4436	560
4437	540
4438	567
4439	556
4440	572
4441	540
4442	532
4443	502
4444	560
4445	533
4446	540
4447	594
4448	584
4449	554
4450	542
4451	593
4452	576
4453	528
4454	553
4455	527
4456	590
4457	561
4458	524
4459	538
4460	513
4461	552
4462	549
4463	597
4464	556
4465	562
4466	565
4467	529
4468	519
4469	552
4470	547
4471	543
4472	552
4473	578
4474	557
4475	536
4476	585
4477	495
4478	628
4479	547
4480	488
4481	579
4482	574
4483	532
4484	539
4485	523
4486	520
4487	515
4488	522
4489	534
4490	585
4491	537
4492	535
4493	555
4494	537
4495	553
4496	516
4497	513
4498	533
4499	527
4500	493
4501	542
4502	516
4503	560
4504	537
4505	522
4506	531
4507	550
4508	506
4509	532
4510	553
4511	505
4512	542
4513	544
4514	509
4515	545
4516	513
4517	533
4518	528
4519	532
4520	590
4521	491
4522	558
4523	500
4524	506
4525	517
4526	519
4527	545
4528	530
4529	534
4530	500
4531	557
4532	474
4533	540
4534	526
4535	515
4536	529
4537	461
4538	504
4539	525
4540	494
4541	507
4542	507
4543	514
4544	512
4545	531
4546	498
4547	523
4548	506
4549	521
4550	507
4551	480
4552	571
4553	518
4554	485
4555	499
4556	501
4557	454
4558	488
4559	557
4560	509
4561	497
4562	504
4563	533
4564	523
4565	491
4566	485
4567	498
4568	545
4569	530
4570	527
4571	552
4572	498
4573	510
4574	527
4575	507
4576	493
4577	491
4578	465
4579	474
4580	498
4581	486
4582	444
4583	489
4584	478
4585	495
4586	509
4587	447
4588	491
4589	488
4590	464
4591	504
4592	453
4593	462
4594	476
4595	486
4596	493
4597	509
4598	450
4599	494
4600	465
4601	492
4602	479
4603	514
4604	467
4605	479
4606	493
4607	493
4608	486
4609	500
4610	509
4611	458
4612	479
4613	475
4614	454
4615	500
4616	495
4617	493
4618	471
4619	492
4620	485
4621	516
4622	482
4623	498
4624	480
4625	458
4626	470
4627	483
4628	468
4629	500
4630	446
4631	502
4632	478
4633	456
4634	439
4635	443
4636	474
4637	497
4638	470
4639	480
4640	449
4641	508
4642	507
4643	455
4644	443
4645	493
4646	448
4647	461
4648	471
4649	429
4650	505
4651	466
4652	469
4653	444
4654	463
4655	465
4656	503
4657	468
4658	455
4659	419
4660	474
4661	477
4662	480
4663	483
4664	454
4665	442
4666	428
4667	484
4668	457
4669	461
4670	450
4671	427
4672	475
4673	502
4674	427
4675	486
4676	442
4677	436
4678	480
4679	472
4680	437
4681	466
4682	463
4683	482
4684	454
4685	467
4686	423
4687	448
4688	484
4689	499
4690	454
4691	421
4692	432
4693	440
4694	440
4695	458
4696	456
4697	452
4698	466
4699	443
4700	448
4701	452
4702	453
4703	469
4704	478
4705	474
4706	429
4707	429
4708	440
4709	445
4710	431
4711	439
4712	461
4713	450
4714	408
4715	464
4716	447
4717	429
4718	450
4719	469
4720	462
4721	452
4722	434
4723	441
4724	451
4725	413
4726	425
4727	450
4728	444
4729	416
4730	450
4731	423
4732	411
4733	424
4734	406
4735	428
4736	410
4737	457
4738	401
4739	421
4740	389
4741	390
4742	435
4743	433
4744	471
4745	432
4746	452
4747	449
4748	450
4749	438
4750	444
4751	442
4752	451
4753	455
4754	400
4755	451
4756	428
4757	409
4758	438
4759	435
4760	402
4761	411
4762	430
4763	421
4764	414
4765	411
4766	425
4767	410
4768	453
4769	412
4770	432
4771	411
4772	398
4773	427
4774	440
4775	430
4776	403
4777	408
4778	420
4779	442
4780	409
4781	456
4782	411
4783	413
4784	388
4785	431
4786	396
4787	391
4788	424
4789	390
4790	409
4791	424
4792	382
4793	416
4794	410
4795	426
4796	409
4797	385
4798	384
4799	418
4800	421
4801	413
4802	398
4803	389
4804	406
4805	431
4806	431
4807	426
4808	415
4809	408
4810	414
4811	418
4812	400
4813	394
4814	395
4815	400
4816	414
4817	393
4818	397
4819	414
4820	414
4821	408
4822	391
4823	379
4824	412
4825	403
4826	429
4827	391
4828	375
4829	379
4830	383
4831	392
4832	420
4833	368
4834	350
4835	413
4836	392
4837	359
4838	407
4839	374
4840	368
4841	393
4842	365
4843	374
4844	375
4845	371
4846	373
4847	368
4848	388
4849	411
4850	347
4851	365
4852	369
4853	357
4854	367
4855	349
4856	387
4857	378
4858	355
4859	376
4860	385
4861	417
4862	394
4863	386
4864	402
4865	390
4866	410
4867	368
4868	381
4869	413
4870	370
4871	362
4872	377
4873	375
4874	371
4875	416
4876	358
4877	371
4878	370
4879	384
4880	396
4881	374
4882	356
4883	369
4884	379
4885	379
4886	406
4887	373
4888	360
4889	377
4890	354
4891	377
4892	337
4893	399
4894	388
4895	382
4896	347
4897	367
4898	372
4899	365
4900	357
4901	384
4902	345
4903	400
4904	332
4905	375
4906	352
4907	363
4908	372
4909	382
4910	365
4911	351
4912	376
4913	356
4914	355
4915	368
4916	397
4917	382
4918	346
4919	350
4920	391
4921	366
4922	335
4923	347
4924	388
4925	337
4926	329
4927	340
4928	345
4929	344
4930	349
4931	345
4932	379
4933	317
4934	346
4935	359
4936	364
4937	308
4938	339
4939	330
4940	358
4941	388
4942	345
4943	361
4944	344
4945	338
4946	355
4947	326
4948	349
4949	362
4950	360
4951	341
4952	363
4953	335
4954	321
4955	368
4956	335
4957	327
4958	339
4959	366
4960	333
4961	345
4962	349
4963	330
4964	358
4965	333
4966	368
4967	349
4968	349
4969	322
4970	359
4971	314
4972	315
4973	347
4974	317
4975	368
4976	369
4977	341
4978	377
4979	341
4980	352
4981	341
4982	328
4983	352
4984	342
4985	337
4986	308
4987	305
4988	362
4989	356
4990	310
4991	324
4992	352
4993	314
4994	330
4995	367
4996	344
4997	322
4998	338
4999	374
5000	337
5001	354
5002	341
5003	320
5004	366
5005	325
5006	337
5007	333
5008	327
5009	344
5010	340
5011	322
5012	306
5013	308
5014	348
5015	328
5016	342
5017	314
5018	297
5019	299
5020	333
5021	328
5022	315
5023	321
5024	329
5025	323
5026	273
5027	310
5028	314
5029	272
5030	282
5031	298
5032	302
5033	347
5034	333
5035	290
5036	328
5037	332
5038	323
5039	332
5040	282
5041	298
5042	313
5043	336
5044	320
5045	292
5046	292
5047	326
5048	340
5049	293
5050	333
5051	309
5052	309
5053	297
5054	303
5055	300
5056	306
5057	316
5058	312
5059	312
5060	304
5061	332
5062	324
5063	323
5064	288
5065	303
5066	248
5067	322
5068	296
5069	304
5070	303
5071	319
5072	329
5073	249
5074	309
5075	294
5076	322
5077	297
5078	311
5079	263
5080	306
5081	303
5082	302
5083	288
5084	308
5085	324
5086	281
5087	305
5088	312
5089	317
5090	311
5091	280
5092	294
5093	314
5094	288
5095	275
5096	276
5097	302
5098	294
5099	297
5100	296
5101	292
5102	267
5103	249
5104	303
5105	302
5106	294
5107	309
5108	311
5109	294
5110	287
5111	277
5112	284
5113	303
5114	260
5115	282
5116	273
5117	266
5118	292
5119	308
5120	288
5121	280
5122	282
5123	269
5124	311
5125	269
5126	304
5127	306
5128	267
5129	296
5130	298
5131	292
5132	291
5133	279
5134	300
5135	266
5136	287
5137	278
5138	296
5139	297
5140	268
5141	291
5142	268
5143	289
5144	286
5145	299
5146	284
5147	297
5148	259
5149	264
5150	298
5151	285
5152	258
5153	257
5154	289
5155	259
5156	293
5157	272
5158	272
5159	285
5160	253
5161	263
5162	248
5163	280
5164	297
5165	266
5166	257
5167	276
5168	266
5169	293
5170	283
5171	246
5172	266
5173	303
5174	261
5175	262
5176	284
5177	277
5178	270
5179	266
5180	295
5181	272
5182	253
5183	264
5184	274
5185	284
5186	250
5187	267
5188	286
5189	231
5190	270
5191	231
5192	272
5193	263
5194	266
5195	261
5196	265
5197	259
5198	278
5199	249
5200	244
5201	277
5202	257
5203	289
5204	260
5205	260
5206	253
5207	238
5208	246
5209	257
5210	248
5211	267
5212	260
5213	253
5214	237
5215	268
5216	239
5217	212
5218	263
5219	251
5220	253
5221	267
5222	247
5223	231
5224	233
5225	237
5226	241
5227	251
5228	269
5229	247
5230	239
5231	259
5232	240
5233	244
5234	241
5235	250
5236	239
5237	247
5238	241
5239	263
5240	228
5241	233
5242	243
5243	243
5244	260
5245	249
5246	229
5247	230
5248	240
5249	223
5250	238
5251	249
5252	224
5253	240
5254	217
5255	231
5256	246
5257	242
5258	251
5259	246
5260	257
5261	224
5262	236
5263	235
5264	250
5265	239
5266	226
5267	232
5268	247
5269	226
5270	252
5271	241
5272	236
5273	208
5274	224
5275	226
5276	219
5277	246
5278	231
5279	208
5280	229
5281	243
5282	226
5283	243
5284	214
5285	243
5286	227
5287	205
5288	206
5289	249
5290	237
5291	227
5292	237
5293	212
5294	220
5295	209
5296	249
5297	230
5298	202
5299	231
5300	211
5301	204
5302	205
5303	254
5304	199
5305	221
5306	207
5307	201
5308	221
5309	255
5310	235
5311	211
5312	207
5313	230
5314	203
5315	221
5316	214
5317	242
5318	233
5319	223
5320	199
5321	230
5322	185
5323	214
5324	192
5325	229
5326	208
5327	183
5328	188
5329	221
5330	221
5331	232
5332	220
5333	218
5334	210
5335	221
5336	202
5337	237
5338	215
5339	201
5340	201
5341	215
5342	202
5343	191
5344	205
5345	174
5346	192
5347	207
5348	214
5349	181
5350	219
5351	217
5352	211
5353	196
5354	175
5355	213
5356	204
5357	191
5358	189
5359	214
5360	234
5361	206
5362	220
5363	200
5364	211
5365	186
5366	206
5367	190
5368	225
5369	193
5370	190
5371	191
5372	197
5373	169
5374	183
5375	208
5376	202
5377	207
5378	193
5379	218
5380	211
5381	190
5382	206
5383	183
5384	204
5385	207
5386	178
5387	190
5388	203
5389	207
5390	214
5391	200
5392	210
5393	196
5394	181
5395	200
5396	199
5397	180
5398	235
5399	202
5400	185
5401	214
5402	172
5403	191
5404	196
5405	182
5406	185
5407	180
5408	174
5409	168
5410	186
5411	196
5412	169
5413	187
5414	208
5415	198
5416	192
5417	166
5418	202
5419	184
5420	199
5421	149
5422	177
5423	191
5424	175
5425	195
5426	172
5427	165
5428	178
5429	165
5430	168
5431	183
5432	198
5433	164
5434	177
5435	181
5436	183
5437	178
5438	175
5439	179
5440	160
5441	171
5442	187
5443	178
5444	172
5445	163
5446	178
5447	172
5448	161
5449	157
5450	178
5451	155
5452	198
5453	189
5454	195
5455	188
5456	171
5457	155
5458	179
5459	157
5460	141
5461	176
5462	157
5463	180
5464	174
5465	181
5466	183
5467	167
5468	176
5469	170
5470	163
5471	181
5472	180
5473	177
5474	156
5475	142
5476	177
5477	173
5478	175
5479	166
5480	189
5481	135
5482	153
5483	162
5484	194
5485	188
5486	159
5487	156
5488	163
5489	177
5490	184
5491	170
5492	148
5493	158
5494	170
5495	171
5496	173
5497	164
5498	151
5499	176
5500	162
5501	152
5502	150
5503	167
5504	161
5505	157
5506	181
5507	194
5508	163
5509	163
5510	155
5511	154
5512	148
5513	163
5514	134
5515	161
5516	184
5517	147
5518	158
5519	136
5520	141
5521	159
5522	161
5523	151
5524	161
5525	173
5526	170
5527	156
5528	139
5529	158
5530	141
5531	134
5532	140
5533	148
5534	149
5535	141
5536	162
5537	158
5538	172
5539	167
5540	162
5541	160
5542	162
5543	148
5544	155
5545	133
5546	149
5547	147
5548	138
5549	148
5550	132
5551	149
5552	149
5553	144
5554	122
5555	167
5556	138
5557	162
5558	140
5559	151
5560	131
5561	154
5562	158
5563	149
5564	144
5565	149
5566	151
5567	145
5568	151
5569	152
5570	141
5571	135
5572	129
5573	151
5574	138
5575	139
5576	126
5577	158
5578	147
5579	110
5580	135
5581	147
5582	131
5583	141
5584	129
5585	140
5586	144
5587	141
5588	129
5589	162
5590	125
5591	134
5592	138
5593	118
5594	128
5595	119
5596	122
5597	131
5598	142
5599	125
5600	115
5601	144
5602	164
5603	138
5604	139
5605	125
5606	133
5607	134
5608	113
5609	131
5610	117
5611	116
5612	99
5613	104
5614	113
5615	124
5616	116
5617	129
5618	128
5619	146
5620	102
5621	138
5622	120
5623	116
5624	120
5625	129
5626	116
5627	124
5628	118
5629	127
5630	148
5631	111
5632	130
5633	141
5634	131
5635	145
5636	125
5637	117
5638	134
5639	133
5640	124
5641	131
5642	119
5643	117
5644	127
5645	116
5646	116
5647	119
5648	135
5649	119
5650	117
5651	122
5652	100
5653	130
5654	95
5655	119
5656	97
5657	98
5658	135
5659	111
5660	118
5661	111
5662	121
5663	136
5664	126
5665	122
5666	84
5667	121
5668	118
5669	107
5670	105
5671	115
5672	128
5673	99
5674	115
5675	125
5676	135
5677	96
5678	118
5679	114
5680	109
5681	118
5682	104
5683	103
5684	105
5685	118
5686	104
5687	111
5688	115
5689	102
5690	123
5691	106
5692	113
5693	92
5694	102
5695	91
5696	94
5697	98
5698	119
5699	101
5700	112
5701	105
5702	100
5703	126
5704	122
5705	86
5706	98
5707	92
5708	99
5709	105
5710	101
5711	120
5712	116
5713	112
5714	110
5715	109
5716	120
5717	100
5718	91
5719	111
5720	102
5721	100
5722	91
5723	108
5724	101
5725	96
5726	104
5727	116
5728	90
5729	106
5730	99
5731	100
5732	98
5733	96
5734	118
5735	106
5736	112
5737	104
5738	108
5739	90
5740	106
5741	103
5742	105
5743	83
5744	102
5745	98
5746	127
5747	110
5748	95
5749	94
5750	87
5751	95
5752	101
5753	105
5754	115
5755	78
5756	96
5757	82
5758	98
5759	85
5760	89
5761	90
5762	94
5763	83
5764	101
5765	113
5766	85
5767	107
5768	90
5769	85
5770	97
5771	91
5772	106
5773	79
5774	123
5775	105
5776	91
5777	86
5778	78
5779	104
5780	97
5781	83
5782	86
5783	81
5784	89
5785	80
5786	83
5787	90
5788	87
5789	69
5790	76
5791	94
5792	78
5793	83
5794	80
5795	86
5796	77
5797	90
5798	69
5799	109
5800	88
5801	89
5802	94
5803	93
5804	78
5805	80
5806	87
5807	104
5808	99
5809	86
5810	85
5811	82
5812	74
5813	110
5814	79
5815	65
5816	76
5817	82
5818	80
5819	66
5820	72
5821	90
5822	89
5823	83
5824	83
5825	82
5826	91
5827	82
5828	79
5829	90
5830	85
5831	67
5832	84
5833	61
5834	74
5835	85
5836	87
5837	85
5838	68
5839	80
5840	72
5841	86
5842	82
5843	62
5844	96
5845	83
5846	69
5847	86
5848	83
5849	69
5850	80
5851	83
5852	67
5853	70
5854	66
5855	77
5856	81
5857	83
5858	64
5859	68
5860	85
5861	65
5862	70
5863	78
5864	94
5865	91
5866	53
5867	73
5868	56
5869	66
5870	91
5871	62
5872	71
5873	72
5874	72
5875	74
5876	66
5877	71
5878	60
5879	66
5880	78
5881	62
5882	56
5883	81
5884	68
5885	65
5886	55
5887	80
5888	83
5889	85
5890	67
5891	73
5892	74
5893	48
5894	65
5895	62
5896	79
5897	67
5898	67
5899	55
5900	75
5901	67
5902	59
5903	63
5904	62
5905	78
5906	65
5907	58
5908	71
5909	58
5910	67
5911	81
5912	67
5913	75
5914	65
5915	66
5916	67
5917	65
5918	44
5919	67
5920	66
5921	60
5922	72
5923	56
5924	71
5925	53
5926	67
5927	67
5928	58
5929	70
5930	60
5931	47
5932	60
5933	65
5934	50
5935	61
5936	70
5937	74
5938	68
5939	56
5940	64
5941	58
5942	66
5943	57
5944	68
5945	59
5946	53
5947	58
5948	47
5949	82
5950	59
5951	71
5952	51
5953	60
5954	60
5955	59
5956	70
5957	63
5958	58
5959	66
5960	69
5961	56
5962	60
5963	57
5964	50
5965	50
5966	52
5967	69
5968	43
5969	49
5970	61
5971	67
5972	59
5973	49
5974	61
5975	55
5976	41
5977	54
5978	62
5979	60
5980	58
5981	56
5982	53
5983	59
5984	60
5985	50
5986	47
5987	55
5988	51
5989	55
5990	50
5991	58
5992	42
5993	51
5994	59
5995	51
5996	56
5997	52
5998	51
5999	52
6000	49
6001	58
6002	58
6003	47
6004	45
6005	62
6006	53
6007	40
6008	48
6009	52
6010	47
6011	49
6012	49
6013	53
6014	63
6015	41
6016	59
6017	46
6018	56
6019	45
6020	44
6021	51
6022	51
6023	43
6024	58
6025	47
6026	46
6027	48
6028	46
6029	49
6030	48
6031	42
6032	49
6033	63
6034	45
6035	51
6036	49
6037	47
6038	51
6039	46
6040	45
6041	42
6042	36
6043	50
6044	54
6045	40
6046	46
6047	39
6048	55
6049	51
6050	47
6051	56
6052	48
6053	52
6054	51
6055	59
6056	58
6057	38
6058	50
6059	45
6060	46
6061	36
6062	49
6063	49
6064	37
6065	52
6066	39
6067	50
6068	46
6069	53
6070	56
6071	47
6072	54
6073	49
6074	56
6075	43
6076	53
6077	39
6078	43
6079	48
6080	46
6081	52
6082	42
6083	33
6084	32
6085	56
6086	51
6087	42
6088	37
6089	46
6090	42
6091	41
6092	44
6093	53
6094	44
6095	37
6096	39
6097	34
6098	30
6099	39
6100	31
6101	51
6102	28
6103	47
6104	45
6105	44
6106	52
6107	39
6108	42
6109	43
6110	47
6111	49
6112	62
6113	37
6114	60
6115	32
6116	35
6117	47
6118	45
6119	42
6120	46
6121	38
6122	45
6123	51
6124	44
6125	46
6126	41
6127	37
6128	51
6129	35
6130	42
6131	32
6132	27
6133	38
6134	36
6135	43
6136	35
6137	35
6138	44
6139	33
6140	37
6141	44
6142	43
6143	36
6144	39
6145	32
6146	43
6147	47
6148	38
6149	35
6150	39
6151	34
6152	40
6153	49
6154	40
6155	40
6156	49
6157	44
6158	38
6159	35
6160	34
6161	53
6162	31
6163	39
6164	47
6165	49
6166	41
6167	41
6168	39
6169	46
6170	36
6171	46
6172	34
6173	48
6174	38
6175	33
6176	37
6177	43
6178	38
6179	36
6180	46
6181	47
6182	43
6183	42
6184	41
6185	33
6186	43
6187	49
6188	38
6189	33
6190	38
6191	42
6192	42
6193	28
6194	33
6195	51
6196	35
6197	37
6198	33
6199	49
6200	44
6201	35
6202	39
6203	36
6204	25
6205	47
6206	51
6207	36
6208	39
6209	47
6210	34
6211	37
6212	37
6213	38
6214	43
6215	41
6216	42
6217	36
6218	46
6219	38
6220	42
6221	40
6222	44
6223	46
6224	49
6225	42
6226	43
6227	42
6228	31
6229	29
6230	38
6231	34
6232	32
6233	35
6234	41
6235	46
6236	44
6237	33
6238	42
6239	48
6240	34
6241	38
6242	46
6243	32
6244	36
6245	43
6246	41
6247	43
6248	36
6249	31
6250	37
6251	40
6252	46
6253	37
6254	37
6255	34
6256	45
6257	33
6258	40
6259	34
6260	45
6261	39
6262	32
6263	43
6264	37
6265	35
6266	32
6267	39
6268	48
6269	54
6270	41
6271	36
6272	35
6273	39
6274	24
6275	38
6276	31
6277	44
6278	49
6279	30
6280	34
6281	45
6282	41
6283	42
6284	34
6285	32
6286	38
6287	34
6288	30
6289	45
6290	41
6291	37
6292	26
6293	43
6294	35
6295	36
6296	37
6297	38
6298	40
6299	42
6300	36
6301	40
6302	40
6303	47
6304	45
6305	36
6306	53
6307	35
6308	40
6309	35
6310	39
6311	45
6312	42
6313	35
6314	53
6315	38
6316	43
6317	40
6318	39
6319	41
6320	42
6321	43
6322	44
6323	36
6324	34
6325	35
6326	54
6327	41
6328	35
6329	34
6330	41
6331	32
6332	46
6333	42
6334	49
6335	35
6336	43
6337	45
6338	44
6339	46
6340	55
6341	45
6342	37
6343	42
6344	46
6345	41
6346	45
6347	43
6348	46
6349	44
6350	49
6351	50
6352	51
6353	45
6354	39
6355	42
6356	40
6357	41
6358	41
6359	58
6360	46
6361	43
6362	32
6363	37
6364	41
6365	54
6366	48
6367	50
6368	45
6369	51
6370	53
6371	47
6372	38
6373	44
6374	47
6375	52
6376	38
6377	44
6378	49
6379	41
6380	47
6381	60
6382	57
6383	34
6384	38
6385	56
6386	46
6387	64
6388	58
6389	42
6390	64
6391	46
6392	41
6393	52
6394	42
6395	45
6396	42
6397	41
6398	47
6399	54
6400	57
6401	28
6402	39
6403	44
6404	46
6405	48
6406	47
6407	47
6408	54
6409	47
6410	35
6411	42
6412	41
6413	51
6414	39
6415	49
6416	56
6417	40
6418	62
6419	53
6420	49
6421	52
6422	50
6423	53
6424	53
6425	53
6426	41
6427	55
6428	56
6429	51
6430	53
6431	45
6432	44
6433	47
6434	50
6435	52
6436	65
6437	58
6438	46
6439	49
6440	59
6441	38
6442	50
6443	43
6444	46
6445	67
6446	54
6447	54
6448	52
6449	47
6450	44
6451	49
6452	56
6453	48
6454	40
6455	64
6456	49
6457	49
6458	58
6459	54
6460	48
6461	62
6462	52
6463	68
6464	58
6465	59
6466	69
6467	39
6468	46
6469	47
6470	61
6471	57
6472	65
6473	53
6474	59
6475	46
6476	63
6477	52
6478	62
6479	56
6480	47
6481	51
6482	54
6483	53
6484	53
6485	62
6486	56
6487	58
6488	57
6489	60
6490	60
6491	52
6492	47
6493	53
6494	48
6495	46
6496	49
6497	59
6498	71
6499	55
6500	55
6501	48
6502	62
6503	73
6504	57
6505	59
6506	61
6507	51
6508	63
6509	69
6510	44
6511	61
6512	66
6513	49
6514	66
6515	49
6516	66
6517	75
6518	77
6519	64
6520	70
6521	66
6522	64
6523	59
6524	54
6525	62
6526	55
6527	65
6528	74
6529	68
6530	66
6531	83
6532	62
6533	80
6534	72
6535	80
6536	64
6537	67
6538	72
6539	63
6540	79
6541	70
6542	67
6543	68
6544	61
6545	60
6546	68
6547	77
6548	63
6549	50
6550	62
6551	69
6552	70
6553	61
6554	69
6555	65
6556	65
6557	61
6558	63
6559	66
6560	74
6561	78
6562	90
6563	64
6564	70
6565	66
6566	67
6567	65
6568	73
6569	80
6570	56
6571	66
6572	64
6573	76
6574	73
6575	70
6576	61
6577	86
6578	71
6579	83
6580	60
6581	64
6582	74
6583	75
6584	59
6585	60
6586	65
6587	63
6588	57
6589	84
6590	66
6591	66
6592	67
6593	77
6594	69
6595	83
6596	74
6597	73
6598	76
6599	60
6600	69
6601	91
6602	73
6603	78
6604	82
6605	79
6606	91
6607	72
6608	78
6609	59
6610	88
6611	82
6612	71
6613	75
6614	91
6615	72
6616	69
6617	60
6618	91
6619	74
6620	76
6621	71
6622	84
6623	83
6624	83
6625	64
6626	75
6627	76
6628	70
6629	89
6630	74
6631	88
6632	53
6633	68
6634	67
6635	65
6636	85
6637	77
6638	78
6639	75
6640	80
6641	77
6642	70
6643	76
6644	74
6645	72
6646	85
6647	88
6648	91
6649	74
6650	101
6651	84
6652	91
6653	71
6654	74
6655	85
6656	81
6657	93
6658	84
6659	76
6660	69
6661	79
6662	86
6663	80
6664	79
6665	100
6666	71
6667	81
6668	82
6669	75
6670	86
6671	90
6672	77
6673	77
6674	83
6675	76
6676	73
6677	96
6678	88
6679	90
6680	90
6681	115
6682	86
6683	84
6684	67
6685	90
6686	87
6687	80
6688	98
6689	96
6690	78
6691	76
6692	89
6693	88
6694	77
6695	99
6696	91
6697	86
6698	69
6699	81
6700	81
6701	94
6702	71
6703	88
6704	107
6705	100
6706	75
6707	80
6708	106
6709	81
6710	89
6711	93
6712	90
6713	93
6714	98
6715	97
6716	89
6717	105
6718	84
6719	85
6720	102
6721	94
6722	86
6723	89
6724	103
6725	95
6726	89
6727	95
6728	92
6729	94
6730	101
6731	84
6732	97
6733	98
6734	96
6735	90
6736	81
6737	91
6738	105
6739	91
6740	115
6741	89
6742	75
6743	67
6744	85
6745	80
6746	86
6747	93
6748	100
6749	85
6750	92
6751	82
6752	99
6753	91
6754	96
6755	90
6756	96
6757	101
6758	93
6759	90
6760	108
6761	94
6762	81
6763	80
6764	108
6765	105
6766	97
6767	96
6768	100
6769	108
6770	97
6771	104
6772	112
6773	103
6774	102
6775	94
6776	106
6777	83
6778	95
6779	98
6780	104
6781	95
6782	94
6783	94
6784	106
6785	101
6786	98
6787	103
6788	100
6789	101
6790	103
6791	100
6792	106
6793	99
6794	115
6795	85
6796	92
6797	111
6798	100
6799	94
6800	108
6801	95
6802	98
6803	111
6804	98
6805	126
6806	125
6807	88
6808	111
6809	95
6810	110
6811	121
6812	99
6813	112
6814	111
6815	139
6816	109
6817	105
6818	90
6819	112
6820	109
6821	99
6822	95
6823	117
6824	109
6825	90
6826	97
6827	108
6828	104
6829	110
6830	95
6831	87
6832	111
6833	90
6834	97
6835	116
6836	111
6837	114
6838	106
6839	120
6840	91
6841	108
6842	97
6843	103
6844	89
6845	95
6846	100
6847	115
6848	105
6849	117
6850	102
6851	108
6852	110
6853	87
6854	108
6855	113
6856	109
6857	112
6858	93
6859	122
6860	96
6861	116
6862	142
6863	89
6864	106
6865	113
6866	112
6867	122
6868	115
6869	121
6870	111
6871	102
6872	109
6873	120
6874	86
6875	102
6876	104
6877	108
6878	110
6879	91
6880	110
6881	117
6882	103
6883	109
6884	121
6885	107
6886	107
6887	112
6888	121
6889	126
6890	97
6891	107
6892	95
6893	107
6894	112
6895	106
6896	117
6897	121
6898	123
6899	120
6900	125
6901	109
6902	111
6903	104
6904	110
6905	107
6906	123
6907	115
6908	106
6909	126
6910	138
6911	98
6912	118
6913	104
6914	124
6915	121
6916	140
6917	106
6918	122
6919	113
6920	120
6921	113
6922	133
6923	138
6924	112
6925	128
6926	126
6927	116
6928	110
6929	120
6930	97
6931	101
6932	97
6933	132
6934	98
6935	96
6936	106
6937	131
6938	114
6939	108
6940	105
6941	116
6942	102
6943	109
6944	117
6945	113
6946	111
6947	115
6948	97
6949	130
6950	123
6951	106
6952	105
6953	118
6954	127
6955	124
6956	131
6957	107
6958	115
6959	121
6960	111
6961	129
6962	123
6963	115
6964	133
6965	110
6966	123
6967	107
6968	112
6969	98
6970	118
6971	107
6972	124
6973	135
6974	116
6975	116
6976	120
6977	119
6978	116
6979	116
6980	105
6981	119
6982	112
6983	123
6984	107
6985	102
6986	112
6987	137
6988	103
6989	126
6990	119
6991	121
6992	134
6993	114
6994	108
6995	101
6996	114
6997	116
6998	120
6999	124
7000	133
7001	121
7002	107
7003	132
7004	111
7005	126
7006	115
7007	132
7008	143
7009	128
7010	129
7011	110
7012	112
7013	121
7014	113
7015	124
7016	108
7017	114
7018	114
7019	137
7020	97
7021	127
7022	119
7023	113
7024	89
7025	133
7026	92
7027	109
7028	132
7029	95
7030	116
7031	112
7032	119
7033	119
7034	117
7035	105
7036	130
7037	118
7038	135
7039	104
7040	120
7041	120
7042	106
7043	106
7044	105
7045	107
7046	114
7047	123
7048	135
7049	112
7050	124
7051	117
7052	103
7053	112
7054	107
7055	112
7056	118
7057	123
7058	105
7059	103
7060	108
7061	119
7062	110
7063	113
7064	115
7065	100
7066	109
7067	112
7068	129
7069	106
7070	104
7071	98
7072	106
7073	87
7074	122
7075	95
7076	114
7077	103
7078	96
7079	100
7080	113
7081	133
7082	112
7083	86
7084	98
7085	112
7086	131
7087	99
7088	125
7089	116
7090	103
7091	94
7092	104
7093	134
7094	127
7095	137
7096	89
7097	122
7098	88
7099	108
7100	106
7101	89
7102	123
7103	106
7104	111
7105	136
7106	100
7107	105
7108	126
7109	95
7110	91
7111	117
7112	91
7113	99
7114	107
7115	106
7116	100
7117	96
7118	106
7119	93
7120	102
7121	124
7122	101
7123	102
7124	108
7125	98
7126	107
7127	98
7128	102
7129	96
7130	96
7131	107
7132	113
7133	104
7134	87
7135	100
7136	118
7137	100
7138	98
7139	116
7140	101
7141	91
7142	100
7143	92
7144	93
7145	122
7146	96
7147	99
7148	99
7149	96
7150	104
7151	105
7152	100
7153	118
7154	80
7155	89
7156	101
7157	102
7158	92
7159	86
7160	97
7161	77
7162	109
7163	97
7164	93
7165	114
7166	98
7167	98
7168	95
7169	98
7170	101
7171	107
7172	102
7173	94
7174	104
7175	101
7176	88
7177	97
7178	90
7179	100
7180	85
7181	108
7182	92
7183	90
7184	87
7185	100
7186	97
7187	86
7188	81
7189	102
7190	104
7191	101
7192	100
7193	81
7194	84
7195	95
7196	102
7197	94
7198	80
7199	83
7200	95
7201	80
7202	84
7203	90
7204	117
7205	93
7206	80
7207	81
7208	80
7209	82
7210	91
7211	81
7212	77
7213	90
7214	97
7215	90
7216	91
7217	79
7218	76
7219	88
7220	83
7221	86
7222	92
7223	87
7224	102
7225	77
7226	85
7227	80
7228	69
7229	66
7230	81
7231	88
7232	70
7233	83
7234	89
7235	88
7236	81
7237	97
7238	81
7239	101
7240	78
7241	85
7242	92
7243	80
7244	87
7245	81
7246	88
7247	80
7248	83
7249	83
7250	78
7251	69
7252	83
7253	77
7254	69
7255	89
7256	75
7257	75
7258	69
7259	64
7260	77
7261	83
7262	89
7263	71
7264	83
7265	68
7266	79
7267	83
7268	72
7269	63
7270	60
7271	55
7272	74
7273	66
7274	79
7275	65
7276	83
7277	70
7278	87
7279	59
7280	79
7281	63
7282	75
7283	74
7284	69
7285	72
7286	74
7287	65
7288	70
7289	63
7290	96
7291	66
7292	79
7293	70
7294	79
7295	79
7296	70
7297	58
7298	63
7299	63
7300	61
7301	63
7302	67
7303	68
7304	77
7305	70
7306	76
7307	60
7308	55
7309	65
7310	76
7311	68
7312	62
7313	64
7314	61
7315	61
7316	66
7317	58
7318	59
7319	61
7320	57
7321	60
7322	69
7323	60
7324	53
7325	51
7326	80
7327	65
7328	65
7329	63
7330	53
7331	57
7332	61
7333	49
7334	62
7335	47
7336	76
7337	58
7338	52
7339	57
7340	57
7341	72
7342	71
7343	54
7344	70
7345	52
7346	64
7347	70
7348	59
7349	63
7350	63
7351	52
7352	56
7353	44
7354	54
7355	66
7356	61
7357	52
7358	42
7359	57
7360	47
7361	65
7362	53
7363	69
7364	55
7365	55
7366	57
7367	48
7368	63
7369	52
7370	41
7371	53
7372	66
7373	62
7374	54
7375	57
7376	41
7377	51
7378	54
7379	50
7380	46
7381	41
7382	40
7383	55
7384	38
7385	45
7386	43
7387	56
7388	48
7389	42
7390	49
7391	45
7392	49
7393	50
7394	33
7395	35
7396	33
7397	49
7398	44
7399	47
7400	43
7401	36
7402	45
7403	59
7404	45
7405	44
7406	55
7407	42
7408	45
7409	37
7410	39
7411	46
7412	38
7413	45
7414	41
7415	34
7416	42
7417	43
7418	42
7419	43
7420	43
7421	42
7422	35
7423	32
7424	42
7425	41
7426	35
7427	44
7428	36
7429	35
7430	43
7431	35
7432	40
7433	32
7434	46
7435	47
7436	31
7437	43
7438	46
7439	42
7440	32
7441	43
7442	47
7443	38
7444	30
7445	39
7446	31
7447	38
7448	32
7449	23
7450	41
7451	43
7452	37
7453	39
7454	39
7455	30
7456	34
7457	26
7458	42
7459	26
7460	40
7461	34
7462	22
7463	25
7464	38
7465	37
7466	44
7467	34
7468	26
7469	28
7470	38
7471	36
7472	28
7473	30
7474	29
7475	28
7476	32
7477	34
7478	36
7479	30
7480	26
7481	34
7482	24
7483	27
7484	24
7485	26
7486	23
7487	23
7488	22
7489	27
7490	28
7491	24
7492	29
7493	34
7494	32
7495	32
7496	32
7497	33
7498	39
7499	31
7500	32
7501	29
7502	32
7503	29
7504	36
7505	25
7506	29
7507	21
7508	27
7509	35
7510	29
7511	33
7512	24
7513	26
7514	24
7515	30
7516	33
7517	25
7518	27
7519	23
7520	33
7521	32
7522	34
7523	26
7524	26
7525	22
7526	21
7527	31
7528	23
7529	24
7530	27
7531	20
7532	11
7533	20
7534	26
7535	25
7536	31
7537	20
7538	30
7539	24
7540	26
7541	26
7542	22
7543	22
7544	27
7545	26
7546	20
7547	26
7548	17
7549	31
7550	20
7551	23
7552	20
7553	17
7554	20
7555	24
7556	30
7557	13
7558	5
7559	2
7560	2
7561	0
7562	1
7563	1
7564	3
7565	2
7566	0
7567	0
7568	0
7569	2
7570	0
7571	0
7572	0
7573	1
7574	2
7575	1
7576	0
7577	2
7578	0
7579	0
7580	0
7581	0
7582	0
7583	1
7584	0
7585	0
7586	2
7587	0
7588	0
7589	0
7590	1
7591	0
7592	0
7593	0
7594	1
7595	1
7596	0
7597	0
7598	0
7599	0
7600	0
7601	0
7602	0
7603	0
7604	0
7605	0
7606	1
7607	0
7608	0
7609	0
7610	0
7611	0
7612	0
7613	0
7614	0
7615	0
7616	0
7617	0
7618	1
7619	0
7620	0
7621	0
7622	0
7623	0
7624	0
7625	0
7626	0
7627	1
7628	0
7629	0
7630	0
7631	0
7632	0
7633	0
7634	0
7635	0
7636	0
7637	0
7638	0
7639	0
7640	0
7641	0
7642	0
7643	0
7644	0
7645	0
7646	0
7647	0
7648	0
7649	0
7650	0
7651	0
7652	1
7653	0
7654	0
7655	0
7656	0
7657	1
7658	0
7659	0
7660	0
7661	0
7662	0
7663	0
7664	0
7665	0
7666	0
7667	0
7668	0
7669	0
7670	0
7671	0
7672	0
7673	0
7674	0
7675	0
7676	0
7677	0
7678	0
7679	0
7680	0
7681	0
7682	0
7683	0
7684	0
7685	1
7686	0
7687	0
7688	0
7689	0
7690	0
7691	0
7692	0
7693	1
7694	0
7695	0
7696	0
7697	0
7698	0
7699	0
7700	0
7701	0
7702	0
7703	0
7704	0
7705	0
7706	0
7707	0
7708	0
7709	0
7710	0
7711	0
7712	0
7713	0
7714	0
7715	0
7716	0
7717	0
7718	0
7719	0
7720	0
7721	0
7722	0
7723	0
7724	0
7725	0
7726	0
7727	0
7728	0
7729	0
7730	0
7731	0
7732	0
7733	0
7734	0
7735	0
7736	0
7737	0
7738	0
7739	0
7740	0
7741	0
7742	0
7743	0
7744	0
7745	0
7746	0
7747	0
7748	0
7749	0
7750	0
7751	0
7752	0
7753	0
7754	0
7755	0
7756	0
7757	0
7758	0
7759	0
7760	0
7761	0
7762	0
7763	0
7764	0
7765	0
7766	0
7767	0
7768	0
7769	0
7770	0
7771	0
7772	0
7773	0
7774	0
7775	0
7776	0
7777	0
7778	0
7779	0
7780	0
7781	0
7782	0
7783	0
7784	0
7785	0
7786	0
7787	0
7788	0
7789	0
7790	0
7791	0
7792	0
7793	0
7794	0
7795	0
7796	0
7797	0
7798	0
7799	0
7800	0
7801	0
7802	0
7803	0
7804	0
7805	0
7806	0
7807	0
7808	0
7809	0
7810	0
7811	0
7812	0
7813	0
7814	0
7815	0
7816	0
7817	0
7818	0
7819	0
7820	0
7821	0
7822	0
7823	0
7824	0
7825	0
7826	0
7827	0
7828	0
7829	0
7830	0
7831	0
7832	0
7833	0
7834	0
7835	0
7836	0
7837	0
7838	0
7839	0
7840	0
7841	0
7842	0
7843	0
7844	0
7845	0
7846	0
7847	0
7848	0
7849	0
7850	0
7851	0
7852	0
7853	0
7854	0
7855	0
7856	0
7857	0
7858	0
7859	0
7860	0
7861	0
7862	0
7863	0
7864	0
7865	0
7866	0
7867	0
7868	0
7869	0
7870	0
7871	0
7872	0
7873	0
7874	0
7875	0
7876	0
7877	0
7878	0
7879	0
7880	0
7881	0
7882	0
7883	0
7884	0
7885	0
7886	0
7887	0
7888	0
7889	0
7890	0
7891	0
7892	0
7893	0
7894	0
7895	0
7896	0
7897	0
7898	0
7899	0
7900	0
7901	0
7902	0
7903	0
7904	0
7905	0
7906	0
7907	0
7908	0
7909	0
7910	0
7911	0
7912	0
7913	0
7914	0
7915	0
7916	0
7917	0
7918	0
7919	0
7920	0
7921	0
7922	0
7923	0
7924	0
7925	0
7926	0
7927	0
7928	0
7929	0
7930	0
7931	0
7932	0
7933	0
7934	0
7935	0
7936	0
7937	0
7938	0
7939	0
7940	0
7941	0
7942	0
7943	0
7944	0
7945	0
7946	0
7947	0
7948	0
7949	0
7950	0
7951	0
7952	0
7953	0
7954	0
7955	0
7956	0
7957	0
7958	0
7959	0
7960	0
7961	0
7962	0
7963	0
7964	0
7965	0
7966	0
7967	0
7968	0
7969	0
7970	0
7971	0
7972	0
7973	0
7974	0
7975	0
7976	0
7977	0
7978	0
7979	0
7980	0
7981	0
7982	0
7983	0
7984	0
7985	0
7986	0
7987	0
7988	0
7989	0
7990	0
7991	0
7992	0
7993	0
7994	0
7995	0
7996	0
7997	0
7998	0
7999	0
8000	0
8001	0
8002	0
8003	0
8004	0
8005	0
8006	0
8007	0
8008	0
8009	0
8010	0
8011	0
8012	0
8013	0
8014	0
8015	0
8016	0
8017	0
8018	0
8019	0
8020	0
8021	0
8022	0
8023	0
8024	0
8025	0
8026	0
8027	0
8028	0
8029	0
8030	0
8031	0
8032	0
8033	0
8034	0
8035	0
8036	0
8037	0
8038	0
8039	0
8040	0
8041	0
8042	0
8043	0
8044	0
8045	0
8046	0
8047	0
8048	0
8049	0
8050	0
8051	0
8052	0
8053	0
8054	0
8055	0
8056	0
8057	0
8058	0
8059	0
8060	0
8061	0
8062	0
8063	0
8064	0
8065	0
8066	0
8067	0
8068	0
8069	0
8070	0
8071	0
8072	0
8073	0
8074	0
8075	0
8076	0
8077	0
8078	0
8079	0
8080	0
8081	0
8082	0
8083	0
8084	0
8085	0
8086	0
8087	0
8088	0
8089	0
8090	0
8091	0
8092	0
8093	0
8094	0
8095	0
8096	0
8097	0
8098	0
8099	0
8100	0
8101	0
8102	0
8103	0
8104	0
8105	0
8106	0
8107	0
8108	0
8109	0
8110	0
8111	0
8112	0
8113	0
8114	0
8115	0
8116	0
8117	0
8118	0
8119	0
8120	0
8121	0
8122	0
8123	0
8124	0
8125	0
8126	0
8127	0
8128	0
8129	0
8130	0
8131	0
8132	0
8133	0
8134	0
8135	0
8136	0
8137	0
8138	0
8139	0
8140	0
8141	0
8142	0
8143	0
8144	0
8145	0
8146	0
8147	0
8148	0
8149	0
8150	0
8151	0
8152	0
8153	0
8154	0
8155	0
8156	0
8157	0
8158	0
8159	0
8160	0
8161	0
8162	0
8163	0
8164	0
8165	0
8166	0
8167	0
8168	0
8169	0
8170	0
8171	0
8172	0
8173	0
8174	0
8175	0
8176	0
8177	0
8178	0
8179	0
8180	0
8181	0
8182	0
8183	0
8184	0
8185	0
8186	0
8187	0
8188	0
8189	0
8190	0
8191	0
