0	0
1	0
2	0
3	0
4	0
5	0
6	0
7	0
8	0
9	0
10	0
11	0
12	0
13	0
14	0
15	0
16	0
17	0
18	0
19	0
20	0
21	0
22	0
23	0
24	0
25	0
26	0
27	0
28	0
29	0
30	0
31	0
32	0
33	0
34	0
35	0
36	0
37	0
38	0
39	0
40	0
41	0
42	0
43	0
44	0
45	0
46	0
47	0
48	0
49	0
50	0
51	0
52	0
53	0
54	0
55	0
56	0
57	0
58	0
59	0
60	0
61	0
62	0
63	0
64	0
65	0
66	0
67	0
68	0
69	0
70	0
71	0
72	0
73	0
74	0
75	0
76	0
77	0
78	0
79	0
80	0
81	0
82	0
83	0
84	0
85	0
86	0
87	0
88	0
89	0
90	0
91	0
92	0
93	0
94	0
95	0
96	0
97	0
98	0
99	0
100	0
101	0
102	0
103	0
104	0
105	0
106	0
107	0
108	0
109	0
110	0
111	0
112	0
113	0
114	0
115	0
116	0
117	0
118	0
119	0
120	0
121	0
122	0
123	0
124	0
125	0
126	0
127	0
128	0
129	0
130	0
131	0
132	0
133	0
134	0
135	0
136	0
137	0
138	0
139	0
140	0
141	0
142	0
143	0
144	0
145	0
146	0
147	0
148	0
149	1
150	0
151	0
152	0
153	0
154	0
155	0
156	0
157	0
158	0
159	1
160	0
161	0
162	0
163	0
164	0
165	1
166	0
167	0
168	1
169	0
170	0
171	0
172	0
173	0
174	0
175	0
176	0
177	0
178	0
179	0
180	0
181	0
182	0
183	0
184	0
185	0
186	0
187	0
188	0
189	0
190	0
191	0
192	0
193	0
194	0
195	0
196	0
197	0
198	0
199	0
200	0
201	0
202	0
203	0
204	0
205	0
206	0
207	0
208	0
209	0
210	0
211	0
212	0
213	0
214	0
215	0
216	0
217	0
218	0
219	0
220	0
221	0
222	0
223	0
224	0
225	0
226	0
227	0
228	0
229	0
230	0
231	0
232	0
233	0
234	0
235	0
236	0
237	0
238	0
239	0
240	0
241	0
242	0
243	0
244	0
245	0
246	0
247	0
248	0
249	1
250	0
251	0
252	0
253	0
254	1
255	0
256	0
257	0
258	0
259	0
260	0
261	0
262	1
263	0
264	0
265	0
266	0
267	0
268	0
269	1
270	1
271	0
272	0
273	0
274	0
275	0
276	0
277	0
278	0
279	0
280	0
281	0
282	0
283	0
284	0
285	0
286	0
287	0
288	0
289	0
290	0
291	0
292	0
293	0
294	0
295	0
296	0
297	0
298	0
299	0
300	0
301	0
302	0
303	0
304	0
305	0
306	0
307	0
308	0
309	0
310	0
311	0
312	0
313	1
314	0
315	0
316	0
317	0
318	0
319	0
320	0
321	0
322	0
323	0
324	0
325	0
326	0
327	0
328	0
329	0
330	0
331	0
332	0
333	0
334	0
335	0
336	0
337	0
338	0
339	0
340	0
341	0
342	0
343	0
344	0
345	0
346	0
347	0
348	0
349	1
350	0
351	0
352	0
353	0
354	0
355	0
356	0
357	1
358	0
359	0
360	0
361	0
362	0
363	0
364	0
365	0
366	0
367	0
368	0
369	0
370	0
371	0
372	0
373	0
374	0
375	1
376	0
377	0
378	0
379	0
380	0
381	0
382	0
383	0
384	0
385	0
386	0
387	0
388	0
389	0
390	0
391	0
392	0
393	0
394	0
395	0
396	0
397	0
398	0
399	0
400	0
401	0
402	1
403	0
404	0
405	0
406	0
407	0
408	0
409	0
410	0
411	0
412	0
413	0
414	0
415	0
416	0
417	0
418	0
419	0
420	0
421	0
422	0
423	0
424	0
425	0
426	0
427	0
428	0
429	1
430	0
431	0
432	0
433	0
434	0
435	0
436	0
437	0
438	0
439	1
440	0
441	0
442	0
443	0
444	0
445	1
446	0
447	0
448	0
449	0
450	0
451	0
452	0
453	0
454	0
455	1
456	0
457	0
458	0
459	0
460	0
461	0
462	0
463	0
464	0
465	0
466	0
467	0
468	0
469	0
470	0
471	0
472	0
473	0
474	0
475	0
476	0
477	1
478	0
479	0
480	0
481	0
482	0
483	0
484	1
485	0
486	0
487	1
488	0
489	2
490	0
491	1
492	0
493	0
494	0
495	0
496	0
497	0
498	0
499	0
500	0
501	0
502	0
503	0
504	1
505	2
506	0
507	0
508	0
509	1
510	1
511	0
512	0
513	0
514	1
515	0
516	0
517	0
518	0
519	0
520	0
521	1
522	1
523	0
524	2
525	1
526	0
527	0
528	1
529	0
530	1
531	0
532	1
533	0
534	0
535	0
536	0
537	0
538	0
539	2
540	0
541	0
542	0
543	0
544	0
545	0
546	0
547	0
548	0
549	0
550	1
551	1
552	1
553	0
554	1
555	0
556	0
557	0
558	1
559	0
560	0
561	1
562	0
563	2
564	1
565	0
566	0
567	0
568	0
569	1
570	1
571	0
572	1
573	0
574	2
575	4
576	1
577	0
578	1
579	0
580	1
581	1
582	4
583	0
584	0
585	0
586	1
587	1
588	0
589	1
590	1
591	1
592	0
593	0
594	2
595	1
596	0
597	4
598	0
599	3
600	3
601	1
602	1
603	0
604	2
605	1
606	1
607	1
608	2
609	3
610	1
611	0
612	2
613	0
614	2
615	2
616	1
617	0
618	0
619	2
620	2
621	0
622	2
623	0
624	3
625	1
626	0
627	0
628	1
629	4
630	0
631	0
632	3
633	2
634	2
635	2
636	3
637	1
638	2
639	1
640	1
641	6
642	0
643	3
644	4
645	2
646	1
647	1
648	4
649	4
650	1
651	3
652	4
653	3
654	6
655	2
656	3
657	0
658	1
659	1
660	2
661	1
662	3
663	8
664	4
665	2
666	10
667	5
668	4
669	1
670	4
671	5
672	1
673	1
674	1
675	3
676	4
677	3
678	4
679	4
680	2
681	1
682	6
683	3
684	6
685	1
686	5
687	3
688	3
689	6
690	6
691	0
692	1
693	2
694	5
695	6
696	4
697	7
698	7
699	7
700	5
701	4
702	2
703	1
704	4
705	7
706	2
707	5
708	5
709	2
710	5
711	4
712	7
713	5
714	5
715	3
716	7
717	7
718	5
719	5
720	5
721	8
722	9
723	4
724	2
725	4
726	4
727	2
728	7
729	1
730	2
731	9
732	3
733	7
734	2
735	5
736	9
737	6
738	9
739	9
740	6
741	9
742	6
743	4
744	6
745	5
746	7
747	6
748	4
749	5
750	9
751	6
752	1
753	1
754	8
755	4
756	1
757	8
758	4
759	7
760	6
761	4
762	10
763	8
764	10
765	2
766	4
767	5
768	4
769	9
770	4
771	8
772	1
773	8
774	5
775	11
776	3
777	4
778	8
779	7
780	4
781	7
782	6
783	6
784	9
785	12
786	6
787	9
788	4
789	12
790	5
791	9
792	8
793	6
794	9
795	7
796	7
797	11
798	6
799	8
800	9
801	7
802	10
803	6
804	6
805	6
806	12
807	5
808	9
809	5
810	4
811	12
812	8
813	9
814	9
815	8
816	10
817	14
818	9
819	9
820	7
821	8
822	5
823	9
824	11
825	7
826	11
827	12
828	8
829	7
830	8
831	11
832	8
833	11
834	6
835	9
836	10
837	8
838	9
839	7
840	14
841	10
842	10
843	5
844	5
845	8
846	9
847	5
848	11
849	10
850	7
851	8
852	6
853	12
854	8
855	7
856	10
857	12
858	9
859	6
860	9
861	16
862	16
863	7
864	11
865	7
866	17
867	11
868	12
869	16
870	11
871	11
872	9
873	9
874	5
875	12
876	16
877	5
878	19
879	8
880	10
881	12
882	8
883	15
884	17
885	22
886	78
887	139
888	199
889	210
890	222
891	214
892	240
893	245
894	220
895	234
896	227
897	236
898	198
899	247
900	235
901	221
902	237
903	222
904	214
905	214
906	226
907	227
908	219
909	224
910	259
911	231
912	229
913	219
914	285
915	212
916	220
917	209
918	239
919	242
920	242
921	244
922	237
923	227
924	230
925	279
926	223
927	235
928	231
929	222
930	244
931	221
932	235
933	227
934	253
935	183
936	244
937	208
938	260
939	229
940	218
941	222
942	229
943	234
944	238
945	213
946	227
947	232
948	223
949	207
950	223
951	240
952	225
953	226
954	244
955	237
956	215
957	233
958	211
959	198
960	231
961	236
962	189
963	216
964	221
965	218
966	208
967	215
968	227
969	240
970	230
971	220
972	252
973	190
974	239
975	192
976	184
977	209
978	204
979	221
980	241
981	215
982	222
983	232
984	204
985	235
986	240
987	215
988	219
989	192
990	223
991	213
992	212
993	216
994	227
995	202
996	228
997	219
998	207
999	205
1000	222
1001	228
1002	179
1003	210
1004	207
1005	247
1006	230
1007	237
1008	226
1009	224
1010	212
1011	205
1012	202
1013	206
1014	220
1015	199
1016	213
1017	208
1018	191
1019	214
1020	222
1021	227
1022	227
1023	224
1024	209
1025	209
1026	217
1027	223
1028	222
1029	196
1030	200
1031	234
1032	192
1033	206
1034	210
1035	222
1036	193
1037	224
1038	194
1039	201
1040	206
1041	226
1042	211
1043	217
1044	190
1045	188
1046	211
1047	186
1048	209
1049	171
1050	223
1051	203
1052	187
1053	214
1054	203
1055	196
1056	200
1057	215
1058	209
1059	189
1060	207
1061	192
1062	208
1063	203
1064	182
1065	194
1066	230
1067	186
1068	192
1069	183
1070	166
1071	219
1072	188
1073	197
1074	202
1075	202
1076	196
1077	179
1078	204
1079	203
1080	191
1081	198
1082	196
1083	190
1084	197
1085	186
1086	192
1087	197
1088	185
1089	226
1090	186
1091	202
1092	213
1093	199
1094	185
1095	207
1096	196
1097	209
1098	187
1099	197
1100	178
1101	213
1102	206
1103	216
1104	178
1105	197
1106	185
1107	210
1108	186
1109	188
1110	207
1111	179
1112	193
1113	176
1114	200
1115	195
1116	181
1117	189
1118	205
1119	209
1120	180
1121	183
1122	214
1123	202
1124	192
1125	169
1126	168
1127	183
1128	199
1129	208
1130	207
1131	189
1132	207
1133	210
1134	183
1135	179
1136	195
1137	186
1138	174
1139	195
1140	191
1141	192
1142	181
1143	186
1144	208
1145	189
1146	173
1147	196
1148	210
1149	192
1150	196
1151	162
1152	177
1153	193
1154	215
1155	199
1156	187
1157	188
1158	212
1159	194
1160	211
1161	209
1162	193
1163	178
1164	216
1165	190
1166	172
1167	176
1168	186
1169	206
1170	214
1171	205
1172	176
1173	183
1174	190
1175	211
1176	170
1177	197
1178	203
1179	204
1180	183
1181	177
1182	201
1183	196
1184	177
1185	202
1186	212
1187	202
1188	181
1189	218
1190	180
1191	225
1192	192
1193	191
1194	194
1195	190
1196	185
1197	172
1198	184
1199	188
1200	199
1201	204
1202	181
1203	189
1204	204
1205	197
1206	202
1207	227
1208	186
1209	201
1210	206
1211	220
1212	201
1213	189
1214	220
1215	217
1216	193
1217	223
1218	166
1219	173
1220	190
1221	181
1222	207
1223	213
1224	193
1225	197
1226	193
1227	187
1228	206
1229	216
1230	223
1231	200
1232	186
1233	203
1234	235
1235	206
1236	210
1237	215
1238	207
1239	217
1240	200
1241	193
1242	226
1243	214
1244	199
1245	212
1246	227
1247	224
1248	219
1249	228
1250	197
1251	193
1252	210
1253	221
1254	224
1255	218
1256	221
1257	220
1258	224
1259	214
1260	183
1261	226
1262	202
1263	218
1264	234
1265	228
1266	236
1267	189
1268	213
1269	250
1270	226
1271	215
1272	204
1273	241
1274	211
1275	221
1276	243
1277	245
1278	239
1279	247
1280	221
1281	266
1282	236
1283	221
1284	234
1285	255
1286	235
1287	260
1288	234
1289	250
1290	240
1291	244
1292	239
1293	236
1294	257
1295	223
1296	238
1297	246
1298	258
1299	267
1300	219
1301	243
1302	248
1303	241
1304	255
1305	268
1306	247
1307	251
1308	248
1309	271
1310	221
1311	270
1312	265
1313	269
1314	268
1315	265
1316	267
1317	297
1318	260
1319	288
1320	275
1321	278
1322	274
1323	236
1324	258
1325	266
1326	269
1327	263
1328	280
1329	261
1330	289
1331	279
1332	278
1333	256
1334	288
1335	255
1336	261
1337	283
1338	275
1339	265
1340	285
1341	288
1342	309
1343	303
1344	273
1345	302
1346	273
1347	318
1348	297
1349	294
1350	277
1351	295
1352	314
1353	315
1354	294
1355	291
1356	300
1357	284
1358	286
1359	299
1360	272
1361	277
1362	284
1363	291
1364	321
1365	277
1366	309
1367	284
1368	294
1369	329
1370	250
1371	302
1372	312
1373	309
1374	282
1375	325
1376	278
1377	308
1378	294
1379	315
1380	317
1381	311
1382	307
1383	315
1384	276
1385	346
1386	304
1387	305
1388	305
1389	296
1390	328
1391	314
1392	319
1393	338
1394	329
1395	327
1396	326
1397	305
1398	304
1399	368
1400	322
1401	289
1402	323
1403	361
1404	321
1405	355
1406	335
1407	311
1408	330
1409	343
1410	341
1411	310
1412	323
1413	345
1414	295
1415	350
1416	337
1417	321
1418	350
1419	309
1420	326
1421	344
1422	306
1423	330
1424	333
1425	336
1426	342
1427	369
1428	309
1429	337
1430	332
1431	362
1432	358
1433	332
1434	321
1435	343
1436	343
1437	367
1438	317
1439	356
1440	363
1441	360
1442	362
1443	345
1444	341
1445	331
1446	332
1447	353
1448	351
1449	363
1450	326
1451	385
1452	320
1453	354
1454	380
1455	324
1456	324
1457	382
1458	344
1459	332
1460	356
1461	342
1462	366
1463	354
1464	335
1465	334
1466	371
1467	323
1468	327
1469	353
1470	331
1471	344
1472	369
1473	336
1474	366
1475	329
1476	333
1477	345
1478	350
1479	374
1480	348
1481	340
1482	365
1483	331
1484	369
1485	332
1486	349
1487	366
1488	356
1489	308
1490	357
1491	372
1492	384
1493	365
1494	368
1495	379
1496	383
1497	377
1498	365
1499	365
1500	370
1501	335
1502	353
1503	334
1504	341
1505	346
1506	376
1507	375
1508	395
1509	343
1510	351
1511	398
1512	357
1513	382
1514	341
1515	344
1516	345
1517	377
1518	369
1519	354
1520	392
1521	335
1522	363
1523	342
1524	331
1525	357
1526	360
1527	346
1528	387
1529	347
1530	331
1531	363
1532	398
1533	369
1534	321
1535	365
1536	368
1537	375
1538	367
1539	389
1540	330
1541	366
1542	352
1543	356
1544	376
1545	344
1546	350
1547	327
1548	363
1549	364
1550	363
1551	358
1552	343
1553	360
1554	328
1555	357
1556	356
1557	377
1558	313
1559	366
1560	337
1561	366
1562	364
1563	361
1564	342
1565	333
1566	346
1567	326
1568	360
1569	377
1570	350
1571	361
1572	356
1573	364
1574	376
1575	414
1576	320
1577	317
1578	330
1579	363
1580	326
1581	332
1582	306
1583	348
1584	305
1585	346
1586	366
1587	334
1588	334
1589	368
1590	353
1591	343
1592	337
1593	339
1594	335
1595	361
1596	305
1597	358
1598	357
1599	322
1600	340
1601	371
1602	312
1603	342
1604	351
1605	330
1606	330
1607	320
1608	326
1609	327
1610	347
1611	344
1612	311
1613	349
1614	319
1615	316
1616	314
1617	366
1618	345
1619	294
1620	333
1621	328
1622	342
1623	319
1624	300
1625	337
1626	342
1627	292
1628	332
1629	299
1630	337
1631	335
1632	361
1633	328
1634	332
1635	360
1636	313
1637	319
1638	344
1639	328
1640	294
1641	299
1642	351
1643	355
1644	340
1645	316
1646	344
1647	301
1648	310
1649	337
1650	304
1651	314
1652	310
1653	324
1654	333
1655	304
1656	281
1657	284
1658	339
1659	301
1660	288
1661	321
1662	304
1663	325
1664	303
1665	322
1666	322
1667	315
1668	291
1669	303
1670	321
1671	311
1672	322
1673	298
1674	300
1675	317
1676	280
1677	328
1678	326
1679	309
1680	321
1681	292
1682	323
1683	290
1684	309
1685	296
1686	337
1687	330
1688	308
1689	300
1690	329
1691	304
1692	303
1693	315
1694	342
1695	305
1696	321
1697	274
1698	313
1699	284
1700	280
1701	342
1702	307
1703	314
1704	327
1705	285
1706	321
1707	289
1708	292
1709	295
1710	302
1711	317
1712	288
1713	315
1714	301
1715	303
1716	304
1717	304
1718	322
1719	325
1720	290
1721	292
1722	331
1723	280
1724	307
1725	302
1726	311
1727	233
1728	317
1729	303
1730	313
1731	303
1732	320
1733	269
1734	314
1735	313
1736	295
1737	311
1738	329
1739	283
1740	296
1741	281
1742	308
1743	318
1744	300
1745	308
1746	262
1747	273
1748	310
1749	304
1750	270
1751	320
1752	294
1753	308
1754	299
1755	285
1756	297
1757	321
1758	288
1759	271
1760	311
1761	264
1762	321
1763	320
1764	284
1765	305
1766	293
1767	289
1768	301
1769	276
1770	285
1771	323
1772	319
1773	283
1774	291
1775	294
1776	294
1777	270
1778	298
1779	277
1780	296
1781	298
1782	277
1783	304
1784	303
1785	286
1786	351
1787	313
1788	279
1789	308
1790	268
1791	286
1792	284
1793	294
1794	285
1795	282
1796	284
1797	281
1798	304
1799	282
1800	302
1801	254
1802	278
1803	277
1804	308
1805	319
1806	282
1807	269
1808	310
1809	282
1810	280
1811	288
1812	298
1813	273
1814	279
1815	269
1816	295
1817	280
1818	315
1819	291
1820	297
1821	311
1822	300
1823	298
1824	292
1825	286
1826	308
1827	253
1828	294
1829	305
1830	283
1831	315
1832	306
1833	303
1834	309
1835	312
1836	305
1837	283
1838	340
1839	283
1840	288
1841	282
1842	287
1843	297
1844	317
1845	308
1846	297
1847	284
1848	293
1849	324
1850	291
1851	282
1852	272
1853	307
1854	285
1855	302
1856	313
1857	280
1858	263
1859	287
1860	313
1861	287
1862	267
1863	296
1864	301
1865	306
1866	260
1867	297
1868	326
1869	271
1870	289
1871	290
1872	257
1873	293
1874	296
1875	257
1876	306
1877	276
1878	273
1879	289
1880	293
1881	280
1882	297
1883	305
1884	304
1885	291
1886	285
1887	299
1888	310
1889	288
1890	312
1891	271
1892	285
1893	299
1894	301
1895	275
1896	308
1897	297
1898	264
1899	321
1900	270
1901	267
1902	317
1903	306
1904	284
1905	279
1906	282
1907	283
1908	291
1909	301
1910	282
1911	290
1912	300
1913	316
1914	310
1915	273
1916	271
1917	300
1918	278
1919	312
1920	302
1921	296
1922	290
1923	282
1924	252
1925	286
1926	287
1927	280
1928	303
1929	283
1930	317
1931	331
1932	291
1933	282
1934	307
1935	283
1936	287
1937	297
1938	295
1939	291
1940	286
1941	298
1942	276
1943	283
1944	302
1945	334
1946	294
1947	303
1948	280
1949	289
1950	297
1951	328
1952	284
1953	295
1954	298
1955	296
1956	290
1957	267
1958	305
1959	297
1960	289
1961	294
1962	313
1963	298
1964	319
1965	277
1966	304
1967	284
1968	293
1969	267
1970	304
1971	301
1972	294
1973	275
1974	273
1975	312
1976	318
1977	305
1978	312
1979	301
1980	281
1981	279
1982	335
1983	304
1984	293
1985	293
1986	313
1987	294
1988	319
1989	294
1990	284
1991	275
1992	304
1993	285
1994	312
1995	307
1996	287
1997	263
1998	319
1999	292
2000	288
2001	288
2002	295
2003	289
2004	297
2005	320
2006	270
2007	337
2008	284
2009	290
2010	273
2011	288
2012	291
2013	263
2014	303
2015	302
2016	293
2017	291
2018	292
2019	280
2020	271
2021	276
2022	293
2023	304
2024	304
2025	293
2026	279
2027	319
2028	296
2029	287
2030	275
2031	307
2032	298
2033	289
2034	283
2035	277
2036	303
2037	270
2038	275
2039	292
2040	332
2041	325
2042	263
2043	312
2044	304
2045	305
2046	310
2047	268
2048	282
2049	277
2050	314
2051	302
2052	301
2053	289
2054	306
2055	311
2056	280
2057	282
2058	305
2059	315
2060	290
2061	316
2062	282
2063	288
2064	282
2065	269
2066	296
2067	286
2068	294
2069	319
2070	284
2071	289
2072	292
2073	325
2074	306
2075	332
2076	297
2077	289
2078	316
2079	303
2080	302
2081	327
2082	301
2083	299
2084	314
2085	293
2086	298
2087	296
2088	285
2089	292
2090	297
2091	294
2092	273
2093	285
2094	290
2095	283
2096	342
2097	282
2098	296
2099	300
2100	285
2101	297
2102	340
2103	313
2104	304
2105	281
2106	308
2107	301
2108	265
2109	310
2110	283
2111	303
2112	325
2113	272
2114	286
2115	285
2116	329
2117	304
2118	303
2119	295
2120	304
2121	309
2122	285
2123	320
2124	298
2125	271
2126	323
2127	268
2128	303
2129	320
2130	304
2131	313
2132	289
2133	303
2134	273
2135	293
2136	286
2137	286
2138	268
2139	280
2140	295
2141	287
2142	295
2143	285
2144	273
2145	281
2146	306
2147	288
2148	277
2149	268
2150	272
2151	302
2152	312
2153	287
2154	290
2155	313
2156	297
2157	313
2158	295
2159	276
2160	323
2161	289
2162	304
2163	295
2164	302
2165	313
2166	333
2167	285
2168	307
2169	298
2170	297
2171	251
2172	310
2173	296
2174	280
2175	298
2176	297
2177	277
2178	281
2179	314
2180	314
2181	273
2182	302
2183	255
2184	321
2185	300
2186	282
2187	325
2188	281
2189	305
2190	301
2191	312
2192	271
2193	299
2194	295
2195	288
2196	304
2197	289
2198	298
2199	306
2200	279
2201	299
2202	331
2203	311
2204	316
2205	297
2206	309
2207	278
2208	301
2209	299
2210	287
2211	295
2212	288
2213	278
2214	302
2215	278
2216	294
2217	278
2218	299
2219	332
2220	281
2221	295
2222	307
2223	300
2224	276
2225	326
2226	302
2227	299
2228	317
2229	289
2230	306
2231	272
2232	291
2233	276
2234	306
2235	302
2236	305
2237	286
2238	305
2239	317
2240	311
2241	293
2242	298
2243	324
2244	271
2245	291
2246	298
2247	272
2248	282
2249	299
2250	298
2251	304
2252	300
2253	285
2254	286
2255	292
2256	263
2257	260
2258	296
2259	269
2260	316
2261	305
2262	338
2263	320
2264	286
2265	282
2266	293
2267	280
2268	297
2269	333
2270	284
2271	296
2272	301
2273	289
2274	305
2275	290
2276	302
2277	305
2278	304
2279	307
2280	305
2281	317
2282	314
2283	298
2284	313
2285	322
2286	313
2287	306
2288	274
2289	293
2290	337
2291	278
2292	273
2293	305
2294	291
2295	302
2296	310
2297	290
2298	319
2299	334
2300	310
2301	305
2302	334
2303	341
2304	267
2305	305
2306	343
2307	290
2308	303
2309	316
2310	335
2311	306
2312	333
2313	293
2314	333
2315	334
2316	317
2317	314
2318	317
2319	302
2320	324
2321	328
2322	309
2323	334
2324	297
2325	326
2326	308
2327	330
2328	327
2329	322
2330	320
2331	325
2332	332
2333	361
2334	334
2335	331
2336	330
2337	349
2338	288
2339	319
2340	307
2341	325
2342	349
2343	338
2344	337
2345	331
2346	310
2347	316
2348	357
2349	293
2350	311
2351	343
2352	368
2353	346
2354	337
2355	330
2356	344
2357	342
2358	350
2359	368
2360	323
2361	333
2362	345
2363	375
2364	351
2365	355
2366	378
2367	374
2368	366
2369	369
2370	340
2371	368
2372	359
2373	360
2374	330
2375	343
2376	368
2377	396
2378	366
2379	393
2380	382
2381	374
2382	351
2383	364
2384	330
2385	356
2386	390
2387	356
2388	411
2389	355
2390	355
2391	350
2392	380
2393	366
2394	377
2395	388
2396	359
2397	373
2398	394
2399	380
2400	384
2401	389
2402	400
2403	416
2404	389
2405	393
2406	404
2407	385
2408	394
2409	424
2410	411
2411	410
2412	413
2413	415
2414	384
2415	450
2416	425
2417	439
2418	444
2419	412
2420	436
2421	435
2422	411
2423	446
2424	441
2425	416
2426	425
2427	408
2428	427
2429	417
2430	496
2431	451
2432	450
2433	451
2434	414
2435	424
2436	431
2437	495
2438	422
2439	426
2440	444
2441	437
2442	431
2443	472
2444	468
2445	467
2446	451
2447	459
2448	497
2449	452
2450	473
2451	474
2452	493
2453	477
2454	522
2455	476
2456	498
2457	483
2458	450
2459	489
2460	500
2461	493
2462	458
2463	496
2464	519
2465	460
2466	494
2467	501
2468	498
2469	484
2470	553
2471	524
2472	490
2473	505
2474	535
2475	557
2476	529
2477	521
2478	521
2479	516
2480	550
2481	549
2482	586
2483	526
2484	560
2485	562
2486	585
2487	561
2488	548
2489	554
2490	575
2491	535
2492	547
2493	561
2494	592
2495	594
2496	584
2497	605
2498	542
2499	572
2500	584
2501	584
2502	614
2503	624
2504	600
2505	610
2506	656
2507	612
2508	607
2509	606
2510	571
2511	628
2512	622
2513	615
2514	612
2515	651
2516	653
2517	667
2518	596
2519	606
2520	652
2521	665
2522	618
2523	591
2524	663
2525	654
2526	657
2527	665
2528	640
2529	678
2530	691
2531	697
2532	689
2533	690
2534	654
2535	689
2536	705
2537	701
2538	665
2539	702
2540	659
2541	689
2542	663
2543	701
2544	722
2545	698
2546	710
2547	688
2548	720
2549	733
2550	723
2551	721
2552	693
2553	678
2554	697
2555	741
2556	777
2557	755
2558	688
2559	726
2560	755
2561	773
2562	736
2563	737
2564	691
2565	712
2566	711
2567	738
2568	762
2569	745
2570	760
2571	734
2572	737
2573	746
2574	721
2575	696
2576	767
2577	743
2578	754
2579	825
2580	759
2581	756
2582	783
2583	766
2584	835
2585	745
2586	770
2587	779
2588	812
2589	820
2590	743
2591	835
2592	747
2593	812
2594	816
2595	776
2596	770
2597	820
2598	785
2599	769
2600	764
2601	792
2602	820
2603	792
2604	833
2605	842
2606	816
2607	791
2608	853
2609	889
2610	826
2611	853
2612	775
2613	832
2614	788
2615	875
2616	828
2617	791
2618	806
2619	805
2620	839
2621	815
2622	823
2623	803
2624	822
2625	773
2626	817
2627	805
2628	819
2629	779
2630	810
2631	832
2632	819
2633	856
2634	811
2635	851
2636	868
2637	796
2638	846
2639	844
2640	871
2641	809
2642	858
2643	854
2644	854
2645	835
2646	813
2647	866
2648	846
2649	816
2650	860
2651	882
2652	836
2653	840
2654	833
2655	849
2656	866
2657	861
2658	898
2659	868
2660	904
2661	800
2662	826
2663	879
2664	803
2665	855
2666	856
2667	860
2668	810
2669	824
2670	842
2671	849
2672	823
2673	848
2674	880
2675	835
2676	827
2677	861
2678	861
2679	842
2680	778
2681	804
2682	832
2683	851
2684	824
2685	810
2686	792
2687	850
2688	819
2689	827
2690	793
2691	823
2692	835
2693	828
2694	826
2695	860
2696	836
2697	799
2698	830
2699	816
2700	871
2701	844
2702	793
2703	808
2704	758
2705	819
2706	801
2707	785
2708	842
2709	801
2710	807
2711	807
2712	879
2713	797
2714	762
2715	789
2716	781
2717	844
2718	803
2719	788
2720	793
2721	796
2722	776
2723	782
2724	804
2725	750
2726	778
2727	770
2728	821
2729	769
2730	749
2731	826
2732	768
2733	735
2734	766
2735	765
2736	784
2737	782
2738	787
2739	791
2740	720
2741	782
2742	707
2743	788
2744	728
2745	782
2746	738
2747	746
2748	725
2749	731
2750	790
2751	697
2752	752
2753	741
2754	774
2755	752
2756	760
2757	720
2758	722
2759	752
2760	732
2761	730
2762	749
2763	734
2764	777
2765	731
2766	699
2767	749
2768	698
2769	714
2770	701
2771	676
2772	657
2773	698
2774	733
2775	744
2776	712
2777	692
2778	677
2779	650
2780	699
2781	703
2782	738
2783	700
2784	701
2785	691
2786	713
2787	688
2788	649
2789	700
2790	640
2791	678
2792	678
2793	679
2794	673
2795	683
2796	648
2797	650
2798	686
2799	637
2800	686
2801	636
2802	697
2803	649
2804	705
2805	631
2806	634
2807	675
2808	671
2809	663
2810	686
2811	635
2812	653
2813	679
2814	650
2815	630
2816	621
2817	640
2818	634
2819	654
2820	662
2821	622
2822	612
2823	629
2824	624
2825	583
2826	607
2827	642
2828	691
2829	609
2830	616
2831	613
2832	584
2833	645
2834	642
2835	596
2836	637
2837	627
2838	595
2839	611
2840	613
2841	648
2842	610
2843	610
2844	617
2845	627
2846	608
2847	557
2848	603
2849	628
2850	609
2851	578
2852	570
2853	602
2854	582
2855	565
2856	600
2857	567
2858	549
2859	619
2860	588
2861	620
2862	594
2863	586
2864	541
2865	571
2866	597
2867	582
2868	572
2869	551
2870	599
2871	536
2872	544
2873	559
2874	563
2875	583
2876	599
2877	567
2878	558
2879	594
2880	591
2881	567
2882	550
2883	573
2884	576
2885	513
2886	556
2887	563
2888	574
2889	567
2890	601
2891	609
2892	601
2893	587
2894	571
2895	634
2896	614
2897	537
2898	559
2899	581
2900	564
2901	549
2902	621
2903	583
2904	553
2905	577
2906	545
2907	606
2908	526
2909	565
2910	550
2911	551
2912	534
2913	540
2914	591
2915	546
2916	587
2917	545
2918	609
2919	550
2920	588
2921	531
2922	592
2923	634
2924	552
2925	549
2926	591
2927	603
2928	545
2929	563
2930	615
2931	600
2932	533
2933	558
2934	590
2935	574
2936	635
2937	566
2938	539
2939	584
2940	548
2941	583
2942	597
2943	596
2944	576
2945	601
2946	569
2947	580
2948	567
2949	598
2950	605
2951	536
2952	522
2953	585
2954	580
2955	593
2956	575
2957	585
2958	547
2959	603
2960	588
2961	584
2962	604
2963	617
2964	626
2965	582
2966	587
2967	589
2968	569
2969	582
2970	607
2971	638
2972	583
2973	548
2974	563
2975	655
2976	598
2977	574
2978	604
2979	594
2980	585
2981	626
2982	630
2983	619
2984	634
2985	547
2986	593
2987	601
2988	644
2989	651
2990	608
2991	589
2992	642
2993	604
2994	617
2995	626
2996	613
2997	555
2998	606
2999	628
3000	594
3001	641
3002	625
3003	639
3004	633
3005	595
3006	649
3007	591
3008	631
3009	642
3010	608
3011	606
3012	644
3013	591
3014	613
3015	592
3016	643
3017	672
3018	627
3019	649
3020	667
3021	646
3022	599
3023	630
3024	613
3025	636
3026	595
3027	682
3028	633
3029	657
3030	600
3031	638
3032	692
3033	651
3034	636
3035	634
3036	630
3037	647
3038	666
3039	668
3040	641
3041	667
3042	642
3043	618
3044	666
3045	625
3046	662
3047	655
3048	650
3049	684
3050	645
3051	668
3052	655
3053	671
3054	708
3055	669
3056	642
3057	692
3058	711
3059	697
3060	673
3061	662
3062	674
3063	624
3064	669
3065	650
3066	676
3067	640
3068	626
3069	664
3070	664
3071	670
3072	631
3073	672
3074	664
3075	628
3076	706
3077	682
3078	687
3079	671
3080	709
3081	671
3082	681
3083	696
3084	656
3085	689
3086	648
3087	698
3088	685
3089	688
3090	665
3091	699
3092	708
3093	722
3094	662
3095	680
3096	666
3097	640
3098	640
3099	686
3100	708
3101	633
3102	664
3103	649
3104	690
3105	731
3106	676
3107	692
3108	700
3109	703
3110	718
3111	686
3112	675
3113	682
3114	695
3115	720
3116	699
3117	684
3118	719
3119	714
3120	676
3121	735
3122	731
3123	675
3124	725
3125	699
3126	691
3127	707
3128	687
3129	731
3130	709
3131	750
3132	678
3133	684
3134	736
3135	740
3136	741
3137	679
3138	737
3139	705
3140	704
3141	688
3142	721
3143	689
3144	695
3145	660
3146	695
3147	729
3148	693
3149	649
3150	727
3151	690
3152	698
3153	732
3154	716
3155	690
3156	718
3157	693
3158	672
3159	682
3160	715
3161	735
3162	717
3163	703
3164	727
3165	715
3166	700
3167	676
3168	686
3169	689
3170	689
3171	703
3172	765
3173	692
3174	686
3175	682
3176	716
3177	676
3178	651
3179	745
3180	718
3181	700
3182	702
3183	676
3184	701
3185	746
3186	710
3187	678
3188	703
3189	720
3190	728
3191	691
3192	669
3193	705
3194	726
3195	692
3196	687
3197	700
3198	724
3199	694
3200	708
3201	718
3202	735
3203	644
3204	686
3205	727
3206	728
3207	703
3208	709
3209	705
3210	660
3211	672
3212	726
3213	693
3214	683
3215	711
3216	710
3217	725
3218	716
3219	676
3220	689
3221	718
3222	703
3223	727
3224	694
3225	682
3226	710
3227	718
3228	751
3229	703
3230	727
3231	733
3232	711
3233	692
3234	702
3235	694
3236	733
3237	724
3238	647
3239	716
3240	727
3241	713
3242	690
3243	702
3244	642
3245	728
3246	673
3247	721
3248	738
3249	680
3250	681
3251	700
3252	674
3253	719
3254	720
3255	689
3256	761
3257	712
3258	674
3259	718
3260	690
3261	707
3262	666
3263	662
3264	699
3265	675
3266	744
3267	767
3268	667
3269	672
3270	679
3271	655
3272	722
3273	654
3274	679
3275	677
3276	679
3277	720
3278	732
3279	715
3280	681
3281	672
3282	678
3283	703
3284	702
3285	756
3286	690
3287	737
3288	714
3289	675
3290	702
3291	706
3292	646
3293	700
3294	730
3295	691
3296	677
3297	659
3298	682
3299	685
3300	691
3301	714
3302	697
3303	697
3304	695
3305	661
3306	696
3307	741
3308	693
3309	688
3310	653
3311	671
3312	716
3313	656
3314	678
3315	689
3316	687
3317	688
3318	742
3319	678
3320	690
3321	680
3322	703
3323	710
3324	677
3325	671
3326	671
3327	664
3328	645
3329	681
3330	711
3331	678
3332	643
3333	671
3334	683
3335	678
3336	704
3337	681
3338	694
3339	717
3340	708
3341	671
3342	734
3343	657
3344	688
3345	690
3346	708
3347	688
3348	649
3349	673
3350	636
3351	666
3352	693
3353	661
3354	680
3355	695
3356	706
3357	744
3358	698
3359	683
3360	707
3361	625
3362	697
3363	723
3364	652
3365	692
3366	680
3367	650
3368	641
3369	673
3370	656
3371	644
3372	681
3373	666
3374	674
3375	660
3376	669
3377	679
3378	672
3379	628
3380	647
3381	620
3382	649
3383	694
3384	669
3385	669
3386	685
3387	656
3388	634
3389	658
3390	669
3391	630
3392	674
3393	651
3394	662
3395	660
3396	667
3397	627
3398	675
3399	657
3400	649
3401	707
3402	667
3403	679
3404	640
3405	671
3406	657
3407	671
3408	653
3409	726
3410	640
3411	624
3412	667
3413	653
3414	640
3415	623
3416	641
3417	671
3418	671
3419	652
3420	637
3421	677
3422	605
3423	649
3424	625
3425	660
3426	646
3427	658
3428	653
3429	669
3430	614
3431	643
3432	651
3433	675
3434	663
3435	662
3436	668
3437	631
3438	649
3439	691
3440	649
3441	651
3442	665
3443	632
3444	671
3445	701
3446	674
3447	635
3448	633
3449	634
3450	643
3451	642
3452	628
3453	680
3454	644
3455	645
3456	653
3457	659
3458	631
3459	660
3460	668
3461	684
3462	677
3463	669
3464	623
3465	664
3466	630
3467	649
3468	658
3469	631
3470	646
3471	611
3472	658
3473	642
3474	660
3475	664
3476	642
3477	670
3478	645
3479	651
3480	637
3481	604
3482	668
3483	698
3484	644
3485	610
3486	608
3487	640
3488	636
3489	626
3490	670
3491	644
3492	665
3493	592
3494	621
3495	593
3496	609
3497	646
3498	600
3499	628
3500	643
3501	667
3502	598
3503	677
3504	632
3505	597
3506	609
3507	639
3508	671
3509	666
3510	617
3511	650
3512	648
3513	587
3514	627
3515	627
3516	621
3517	624
3518	652
3519	679
3520	648
3521	593
3522	637
3523	658
3524	642
3525	614
3526	620
3527	621
3528	601
3529	629
3530	600
3531	642
3532	633
3533	612
3534	671
3535	637
3536	662
3537	602
3538	615
3539	686
3540	642
3541	628
3542	656
3543	556
3544	633
3545	609
3546	611
3547	643
3548	607
3549	625
3550	635
3551	605
3552	609
3553	652
3554	600
3555	623
3556	642
3557	625
3558	647
3559	617
3560	601
3561	578
3562	654
3563	608
3564	616
3565	639
3566	605
3567	654
3568	650
3569	628
3570	594
3571	585
3572	575
3573	632
3574	613
3575	622
3576	593
3577	656
3578	614
3579	662
3580	581
3581	600
3582	625
3583	587
3584	607
3585	605
3586	584
3587	559
3588	584
3589	641
3590	562
3591	636
3592	589
3593	642
3594	606
3595	639
3596	607
3597	599
3598	598
3599	566
3600	627
3601	606
3602	607
3603	618
3604	598
3605	573
3606	599
3607	637
3608	639
3609	596
3610	596
3611	595
3612	611
3613	606
3614	629
3615	607
3616	609
3617	568
3618	593
3619	575
3620	590
3621	584
3622	585
3623	548
3624	576
3625	594
3626	613
3627	596
3628	593
3629	626
3630	608
3631	579
3632	610
3633	561
3634	634
3635	577
3636	587
3637	571
3638	584
3639	584
3640	575
3641	561
3642	567
3643	579
3644	569
3645	587
3646	601
3647	604
3648	555
3649	601
3650	610
3651	599
3652	620
3653	573
3654	542
3655	576
3656	599
3657	595
3658	537
3659	573
3660	582
3661	600
3662	558
3663	631
3664	542
3665	593
3666	583
3667	603
3668	597
3669	603
3670	608
3671	571
3672	574
3673	592
3674	567
3675	601
3676	584
3677	522
3678	556
3679	604
3680	570
3681	575
3682	600
3683	578
3684	567
3685	572
3686	599
3687	586
3688	581
3689	602
3690	561
3691	572
3692	612
3693	618
3694	584
3695	584
3696	583
3697	557
3698	560
3699	560
3700	571
3701	554
3702	550
3703	572
3704	574
3705	597
3706	573
3707	582
3708	561
3709	562
3710	559
3711	641
3712	607
3713	567
3714	593
3715	559
3716	593
3717	609
3718	574
3719	560
3720	597
3721	509
3722	519
3723	506
3724	572
3725	569
3726	578
3727	523
3728	563
3729	540
3730	560
3731	586
3732	556
3733	543
3734	566
3735	582
3736	544
3737	555
3738	535
3739	582
3740	556
3741	586
3742	550
3743	571
3744	547
3745	545
3746	515
3747	570
3748	538
3749	579
3750	636
3751	530
3752	581
3753	560
3754	545
3755	568
3756	510
3757	548
3758	529
3759	556
3760	549
3761	545
3762	527
3763	559
3764	536
3765	599
3766	584
3767	578
3768	534
3769	586
3770	536
3771	542
3772	555
3773	534
3774	532
3775	553
3776	528
3777	526
3778	594
3779	596
3780	564
3781	540
3782	558
3783	579
3784	541
3785	546
3786	506
3787	557
3788	578
3789	559
3790	593
3791	564
3792	550
3793	575
3794	507
3795	602
3796	537
3797	479
3798	522
3799	517
3800	525
3801	573
3802	532
3803	595
3804	532
3805	576
3806	506
3807	545
3808	524
3809	513
3810	497
3811	563
3812	558
3813	547
3814	544
3815	525
3816	528
3817	558
3818	561
3819	560
3820	556
3821	500
3822	554
3823	571
3824	530
3825	565
3826	517
3827	490
3828	508
3829	556
3830	538
3831	506
3832	513
3833	588
3834	532
3835	539
3836	549
3837	545
3838	533
3839	563
3840	547
3841	563
3842	512
3843	535
3844	535
3845	542
3846	519
3847	559
3848	511
3849	510
3850	517
3851	537
3852	531
3853	517
3854	518
3855	535
3856	537
3857	527
3858	537
3859	514
3860	531
3861	508
3862	494
3863	543
3864	549
3865	481
3866	533
3867	497
3868	536
3869	498
3870	542
3871	533
3872	517
3873	513
3874	551
3875	494
3876	521
3877	485
3878	544
3879	525
3880	497
3881	498
3882	539
3883	550
3884	501
3885	568
3886	533
3887	554
3888	554
3889	500
3890	500
3891	523
3892	530
3893	526
3894	527
3895	470
3896	515
3897	506
3898	485
3899	568
3900	537
3901	543
3902	528
3903	514
3904	523
3905	541
3906	504
3907	554
3908	482
3909	502
3910	486
3911	519
3912	532
3913	519
3914	492
3915	490
3916	547
3917	511
3918	506
3919	471
3920	529
3921	547
3922	510
3923	496
3924	486
3925	499
3926	509
3927	523
3928	501
3929	528
3930	508
3931	477
3932	524
3933	509
3934	495
3935	519
3936	499
3937	497
3938	472
3939	489
3940	524
3941	492
3942	533
3943	521
3944	502
3945	496
3946	506
3947	475
3948	523
3949	454
3950	530
3951	534
3952	485
3953	502
3954	524
3955	507
3956	499
3957	488
3958	473
3959	484
3960	479
3961	469
3962	472
3963	450
3964	499
3965	480
3966	530
3967	510
3968	448
3969	514
3970	506
3971	485
3972	497
3973	554
3974	488
3975	499
3976	437
3977	501
3978	455
3979	491
3980	503
3981	489
3982	520
3983	469
3984	508
3985	486
3986	499
3987	545
3988	510
3989	467
3990	443
3991	501
3992	488
3993	432
3994	473
3995	516
3996	460
3997	475
3998	486
3999	488
4000	472
4001	493
4002	514
4003	479
4004	458
4005	475
4006	486
4007	454
4008	488
4009	467
4010	509
4011	461
4012	459
4013	475
4014	506
4015	476
4016	464
4017	516
4018	465
4019	507
4020	476
4021	462
4022	432
4023	445
4024	469
4025	445
4026	455
4027	478
4028	471
4029	467
4030	469
4031	474
4032	501
4033	489
4034	497
4035	457
4036	487
4037	506
4038	455
4039	449
4040	450
4041	490
4042	451
4043	461
4044	501
4045	446
4046	494
4047	466
4048	456
4049	467
4050	473
4051	442
4052	475
4053	446
4054	461
4055	474
4056	471
4057	440
4058	458
4059	452
4060	454
4061	463
4062	440
4063	446
4064	453
4065	482
4066	468
4067	478
4068	473
4069	501
4070	509
4071	458
4072	461
4073	459
4074	458
4075	494
4076	459
4077	449
4078	485
4079	489
4080	459
4081	447
4082	483
4083	396
4084	465
4085	440
4086	467
4087	439
4088	431
4089	464
4090	510
4091	461
4092	453
4093	475
4094	438
4095	461
4096	449
4097	468
4098	470
4099	466
4100	464
4101	488
4102	456
4103	477
4104	490
4105	422
4106	455
4107	421
4108	443
4109	494
4110	446
4111	449
4112	447
4113	445
4114	461
4115	425
4116	469
4117	403
4118	450
4119	445
4120	466
4121	485
4122	466
4123	456
4124	439
4125	433
4126	449
4127	454
4128	473
4129	413
4130	423
4131	460
4132	446
4133	466
4134	445
4135	448
4136	458
4137	432
4138	441
4139	442
4140	442
4141	446
4142	446
4143	443
4144	465
4145	420
4146	465
4147	437
4148	437
4149	438
4150	402
4151	440
4152	432
4153	457
4154	420
4155	446
4156	412
4157	426
4158	426
4159	415
4160	447
4161	416
4162	446
4163	419
4164	429
4165	437
4166	434
4167	399
4168	396
4169	446
4170	432
4171	458
4172	417
4173	430
4174	431
4175	445
4176	465
4177	459
4178	421
4179	408
4180	450
4181	468
4182	422
4183	454
4184	414
4185	422
4186	398
4187	424
4188	451
4189	384
4190	414
4191	436
4192	400
4193	427
4194	449
4195	411
4196	452
4197	390
4198	418
4199	408
4200	426
4201	410
4202	458
4203	403
4204	401
4205	419
4206	417
4207	447
4208	408
4209	417
4210	426
4211	400
4212	420
4213	435
4214	428
4215	440
4216	441
4217	409
4218	405
4219	406
4220	410
4221	410
4222	403
4223	421
4224	446
4225	417
4226	408
4227	435
4228	411
4229	401
4230	427
4231	365
4232	433
4233	397
4234	407
4235	361
4236	416
4237	424
4238	427
4239	436
4240	410
4241	409
4242	403
4243	419
4244	395
4245	418
4246	416
4247	424
4248	442
4249	437
4250	432
4251	387
4252	434
4253	393
4254	413
4255	412
4256	411
4257	411
4258	388
4259	403
4260	389
4261	399
4262	349
4263	393
4264	387
4265	371
4266	417
4267	375
4268	352
4269	415
4270	408
4271	401
4272	378
4273	406
4274	363
4275	374
4276	377
4277	439
4278	400
4279	389
4280	422
4281	397
4282	397
4283	406
4284	385
4285	453
4286	395
4287	378
4288	431
4289	371
4290	403
4291	387
4292	403
4293	416
4294	375
4295	431
4296	373
4297	385
4298	420
4299	385
4300	423
4301	390
4302	406
4303	405
4304	375
4305	375
4306	411
4307	395
4308	398
4309	392
4310	381
4311	380
4312	391
4313	378
4314	385
4315	386
4316	393
4317	378
4318	416
4319	356
4320	373
4321	392
4322	425
4323	377
4324	409
4325	423
4326	371
4327	407
4328	386
4329	375
4330	390
4331	372
4332	364
4333	395
4334	376
4335	392
4336	401
4337	372
4338	381
4339	386
4340	370
4341	369
4342	396
4343	424
4344	404
4345	367
4346	407
4347	394
4348	362
4349	395
4350	409
4351	385
4352	399
4353	365
4354	375
4355	382
4356	405
4357	391
4358	366
4359	353
4360	386
4361	381
4362	391
4363	392
4364	376
4365	336
4366	400
4367	404
4368	371
4369	374
4370	350
4371	378
4372	394
4373	385
4374	371
4375	363
4376	355
4377	378
4378	360
4379	347
4380	360
4381	417
4382	358
4383	345
4384	348
4385	368
4386	385
4387	376
4388	339
4389	388
4390	408
4391	370
4392	338
4393	340
4394	353
4395	389
4396	341
4397	388
4398	387
4399	357
4400	337
4401	358
4402	333
4403	359
4404	365
4405	345
4406	360
4407	351
4408	387
4409	345
4410	338
4411	354
4412	380
4413	342
4414	368
4415	371
4416	360
4417	363
4418	342
4419	355
4420	363
4421	360
4422	386
4423	361
4424	368
4425	372
4426	410
4427	346
4428	368
4429	366
4430	373
4431	362
4432	373
4433	371
4434	360
4435	375
4436	320
4437	371
4438	354
4439	355
4440	402
4441	351
4442	362
4443	329
4444	336
4445	338
4446	359
4447	343
4448	373
4449	350
4450	354
4451	356
4452	366
4453	348
4454	336
4455	363
4456	373
4457	322
4458	360
4459	359
4460	360
4461	352
4462	369
4463	358
4464	349
4465	372
4466	365
4467	324
4468	370
4469	338
4470	350
4471	329
4472	342
4473	348
4474	331
4475	323
4476	315
4477	367
4478	346
4479	336
4480	381
4481	358
4482	365
4483	343
4484	303
4485	318
4486	345
4487	358
4488	337
4489	339
4490	308
4491	358
4492	353
4493	355
4494	343
4495	321
4496	324
4497	332
4498	357
4499	330
4500	346
4501	327
4502	330
4503	325
4504	351
4505	328
4506	381
4507	350
4508	358
4509	321
4510	337
4511	354
4512	324
4513	363
4514	317
4515	348
4516	343
4517	319
4518	329
4519	344
4520	337
4521	329
4522	339
4523	319
4524	330
4525	334
4526	336
4527	296
4528	326
4529	322
4530	300
4531	314
4532	292
4533	335
4534	328
4535	349
4536	314
4537	324
4538	335
4539	305
4540	341
4541	328
4542	329
4543	287
4544	308
4545	344
4546	311
4547	345
4548	326
4549	328
4550	318
4551	349
4552	305
4553	355
4554	317
4555	336
4556	300
4557	316
4558	329
4559	321
4560	334
4561	305
4562	364
4563	329
4564	336
4565	319
4566	284
4567	348
4568	297
4569	300
4570	317
4571	312
4572	311
4573	301
4574	336
4575	344
4576	272
4577	332
4578	313
4579	291
4580	317
4581	313
4582	284
4583	311
4584	336
4585	341
4586	310
4587	321
4588	289
4589	329
4590	309
4591	305
4592	313
4593	301
4594	312
4595	313
4596	345
4597	321
4598	335
4599	299
4600	312
4601	307
4602	335
4603	296
4604	289
4605	300
4606	274
4607	314
4608	287
4609	316
4610	325
4611	300
4612	309
4613	278
4614	334
4615	288
4616	314
4617	321
4618	305
4619	302
4620	286
4621	287
4622	292
4623	299
4624	305
4625	289
4626	286
4627	272
4628	274
4629	317
4630	289
4631	299
4632	326
4633	298
4634	310
4635	279
4636	276
4637	317
4638	299
4639	320
4640	290
4641	296
4642	302
4643	291
4644	295
4645	324
4646	287
4647	291
4648	294
4649	299
4650	294
4651	293
4652	311
4653	285
4654	271
4655	259
4656	293
4657	290
4658	328
4659	311
4660	306
4661	313
4662	276
4663	312
4664	300
4665	279
4666	266
4667	295
4668	281
4669	274
4670	294
4671	291
4672	315
4673	301
4674	319
4675	285
4676	306
4677	308
4678	310
4679	288
4680	279
4681	280
4682	270
4683	281
4684	286
4685	287
4686	273
4687	286
4688	263
4689	271
4690	295
4691	288
4692	289
4693	252
4694	262
4695	315
4696	264
4697	296
4698	251
4699	263
4700	301
4701	265
4702	259
4703	264
4704	279
4705	231
4706	299
4707	284
4708	266
4709	292
4710	264
4711	272
4712	277
4713	294
4714	287
4715	281
4716	276
4717	292
4718	275
4719	277
4720	288
4721	263
4722	265
4723	252
4724	272
4725	276
4726	294
4727	291
4728	261
4729	291
4730	270
4731	264
4732	269
4733	281
4734	258
4735	281
4736	280
4737	289
4738	276
4739	263
4740	289
4741	298
4742	258
4743	249
4744	282
4745	263
4746	225
4747	215
4748	252
4749	283
4750	282
4751	261
4752	284
4753	275
4754	241
4755	271
4756	265
4757	289
4758	276
4759	284
4760	258
4761	260
4762	285
4763	266
4764	248
4765	314
4766	274
4767	282
4768	247
4769	283
4770	247
4771	271
4772	268
4773	276
4774	287
4775	268
4776	255
4777	258
4778	244
4779	255
4780	254
4781	274
4782	269
4783	280
4784	270
4785	274
4786	284
4787	260
4788	250
4789	243
4790	266
4791	243
4792	280
4793	286
4794	241
4795	261
4796	255
4797	284
4798	243
4799	223
4800	246
4801	257
4802	274
4803	256
4804	258
4805	239
4806	257
4807	265
4808	236
4809	255
4810	259
4811	282
4812	251
4813	282
4814	259
4815	280
4816	247
4817	248
4818	261
4819	245
4820	218
4821	216
4822	225
4823	254
4824	250
4825	259
4826	254
4827	249
4828	258
4829	240
4830	240
4831	261
4832	257
4833	248
4834	243
4835	236
4836	236
4837	258
4838	241
4839	266
4840	238
4841	235
4842	273
4843	222
4844	202
4845	266
4846	260
4847	243
4848	227
4849	231
4850	246
4851	249
4852	249
4853	251
4854	239
4855	251
4856	228
4857	245
4858	225
4859	266
4860	260
4861	207
4862	230
4863	244
4864	237
4865	217
4866	202
4867	238
4868	223
4869	228
4870	245
4871	244
4872	244
4873	221
4874	185
4875	234
4876	209
4877	232
4878	240
4879	224
4880	239
4881	249
4882	234
4883	219
4884	245
4885	248
4886	210
4887	262
4888	258
4889	246
4890	221
4891	228
4892	225
4893	227
4894	231
4895	230
4896	211
4897	234
4898	215
4899	214
4900	228
4901	222
4902	194
4903	252
4904	191
4905	220
4906	249
4907	219
4908	227
4909	239
4910	239
4911	226
4912	215
4913	207
4914	237
4915	231
4916	240
4917	239
4918	212
4919	220
4920	223
4921	227
4922	232
4923	252
4924	217
4925	244
4926	235
4927	216
4928	240
4929	210
4930	203
4931	236
4932	214
4933	209
4934	187
4935	230
4936	187
4937	260
4938	212
4939	222
4940	237
4941	216
4942	195
4943	182
4944	197
4945	196
4946	233
4947	199
4948	218
4949	228
4950	225
4951	206
4952	213
4953	232
4954	216
4955	196
4956	202
4957	201
4958	236
4959	203
4960	234
4961	225
4962	194
4963	201
4964	219
4965	212
4966	212
4967	192
4968	209
4969	209
4970	228
4971	215
4972	187
4973	212
4974	192
4975	226
4976	234
4977	230
4978	209
4979	197
4980	210
4981	207
4982	232
4983	202
4984	206
4985	214
4986	223
4987	199
4988	232
4989	210
4990	223
4991	209
4992	217
4993	247
4994	197
4995	214
4996	207
4997	205
4998	219
4999	194
5000	221
5001	203
5002	212
5003	214
5004	224
5005	209
5006	212
5007	202
5008	203
5009	230
5010	219
5011	217
5012	180
5013	194
5014	201
5015	230
5016	188
5017	193
5018	209
5019	206
5020	187
5021	202
5022	194
5023	215
5024	202
5025	209
5026	199
5027	192
5028	161
5029	219
5030	195
5031	201
5032	186
5033	202
5034	227
5035	200
5036	204
5037	163
5038	202
5039	209
5040	213
5041	210
5042	178
5043	185
5044	171
5045	175
5046	209
5047	212
5048	217
5049	195
5050	198
5051	197
5052	186
5053	175
5054	169
5055	171
5056	197
5057	202
5058	184
5059	213
5060	210
5061	216
5062	198
5063	190
5064	215
5065	189
5066	168
5067	205
5068	206
5069	202
5070	200
5071	197
5072	194
5073	162
5074	175
5075	186
5076	188
5077	211
5078	218
5079	216
5080	177
5081	188
5082	186
5083	168
5084	185
5085	185
5086	180
5087	181
5088	207
5089	168
5090	203
5091	193
5092	189
5093	198
5094	164
5095	218
5096	178
5097	186
5098	197
5099	173
5100	172
5101	175
5102	198
5103	187
5104	172
5105	145
5106	188
5107	181
5108	162
5109	169
5110	158
5111	188
5112	178
5113	184
5114	174
5115	180
5116	173
5117	191
5118	190
5119	189
5120	175
5121	155
5122	167
5123	183
5124	173
5125	195
5126	180
5127	168
5128	180
5129	171
5130	164
5131	185
5132	182
5133	167
5134	154
5135	173
5136	206
5137	178
5138	179
5139	187
5140	163
5141	168
5142	173
5143	169
5144	178
5145	181
5146	186
5147	171
5148	175
5149	190
5150	180
5151	178
5152	170
5153	184
5154	179
5155	177
5156	176
5157	171
5158	175
5159	180
5160	169
5161	178
5162	153
5163	173
5164	175
5165	185
5166	161
5167	185
5168	180
5169	151
5170	152
5171	157
5172	190
5173	167
5174	156
5175	168
5176	167
5177	190
5178	162
5179	157
5180	148
5181	154
5182	173
5183	177
5184	167
5185	169
5186	166
5187	166
5188	179
5189	163
5190	203
5191	143
5192	167
5193	152
5194	170
5195	163
5196	175
5197	182
5198	171
5199	159
5200	141
5201	140
5202	168
5203	169
5204	148
5205	160
5206	157
5207	153
5208	169
5209	152
5210	171
5211	188
5212	161
5213	157
5214	143
5215	161
5216	161
5217	161
5218	145
5219	160
5220	179
5221	155
5222	150
5223	152
5224	134
5225	160
5226	161
5227	173
5228	145
5229	153
5230	161
5231	155
5232	144
5233	145
5234	149
5235	157
5236	168
5237	162
5238	154
5239	143
5240	146
5241	147
5242	133
5243	123
5244	166
5245	162
5246	141
5247	162
5248	138
5249	141
5250	143
5251	139
5252	161
5253	145
5254	143
5255	159
5256	150
5257	146
5258	155
5259	153
5260	187
5261	157
5262	147
5263	156
5264	139
5265	149
5266	153
5267	129
5268	155
5269	159
5270	152
5271	152
5272	155
5273	145
5274	139
5275	151
5276	157
5277	161
5278	167
5279	151
5280	141
5281	146
5282	154
5283	115
5284	152
5285	136
5286	147
5287	129
5288	160
5289	139
5290	167
5291	151
5292	124
5293	147
5294	144
5295	141
5296	130
5297	148
5298	122
5299	108
5300	167
5301	121
5302	151
5303	149
5304	146
5305	159
5306	159
5307	156
5308	141
5309	153
5310	138
5311	143
5312	131
5313	142
5314	121
5315	139
5316	138
5317	137
5318	141
5319	136
5320	141
5321	139
5322	149
5323	124
5324	130
5325	136
5326	145
5327	164
5328	135
5329	129
5330	126
5331	134
5332	134
5333	138
5334	143
5335	113
5336	126
5337	109
5338	134
5339	133
5340	122
5341	134
5342	130
5343	158
5344	125
5345	130
5346	140
5347	140
5348	158
5349	123
5350	145
5351	110
5352	147
5353	141
5354	121
5355	138
5356	131
5357	144
5358	124
5359	138
5360	156
5361	119
5362	120
5363	136
5364	132
5365	135
5366	122
5367	132
5368	145
5369	112
5370	144
5371	137
5372	134
5373	111
5374	127
5375	122
5376	150
5377	111
5378	144
5379	130
5380	143
5381	117
5382	111
5383	109
5384	129
5385	130
5386	126
5387	141
5388	131
5389	118
5390	115
5391	122
5392	121
5393	112
5394	121
5395	113
5396	145
5397	132
5398	124
5399	108
5400	125
5401	131
5402	121
5403	127
5404	114
5405	121
5406	117
5407	114
5408	106
5409	143
5410	116
5411	122
5412	94
5413	120
5414	116
5415	122
5416	146
5417	133
5418	114
5419	125
5420	119
5421	105
5422	99
5423	108
5424	120
5425	103
5426	128
5427	128
5428	132
5429	109
5430	104
5431	102
5432	116
5433	114
5434	123
5435	125
5436	107
5437	101
5438	109
5439	112
5440	125
5441	130
5442	114
5443	111
5444	116
5445	93
5446	132
5447	105
5448	101
5449	114
5450	141
5451	120
5452	100
5453	108
5454	101
5455	116
5456	101
5457	124
5458	107
5459	106
5460	109
5461	115
5462	92
5463	91
5464	115
5465	120
5466	107
5467	123
5468	96
5469	109
5470	91
5471	111
5472	93
5473	125
5474	97
5475	110
5476	121
5477	112
5478	104
5479	106
5480	98
5481	109
5482	100
5483	93
5484	117
5485	99
5486	116
5487	112
5488	111
5489	113
5490	115
5491	119
5492	117
5493	79
5494	95
5495	104
5496	94
5497	102
5498	118
5499	106
5500	109
5501	83
5502	106
5503	79
5504	88
5505	103
5506	96
5507	115
5508	94
5509	112
5510	111
5511	88
5512	90
5513	95
5514	86
5515	85
5516	106
5517	86
5518	111
5519	98
5520	104
5521	91
5522	94
5523	97
5524	98
5525	88
5526	86
5527	89
5528	114
5529	106
5530	98
5531	93
5532	89
5533	97
5534	96
5535	87
5536	104
5537	103
5538	96
5539	84
5540	104
5541	97
5542	119
5543	89
5544	109
5545	94
5546	110
5547	94
5548	100
5549	104
5550	96
5551	107
5552	106
5553	94
5554	105
5555	78
5556	95
5557	94
5558	92
5559	94
5560	97
5561	76
5562	88
5563	95
5564	95
5565	84
5566	81
5567	85
5568	89
5569	104
5570	83
5571	78
5572	84
5573	93
5574	70
5575	80
5576	100
5577	87
5578	84
5579	104
5580	90
5581	92
5582	91
5583	102
5584	80
5585	86
5586	75
5587	73
5588	81
5589	95
5590	98
5591	98
5592	88
5593	83
5594	96
5595	96
5596	73
5597	83
5598	90
5599	93
5600	83
5601	77
5602	98
5603	97
5604	93
5605	81
5606	91
5607	85
5608	64
5609	76
5610	61
5611	75
5612	82
5613	85
5614	80
5615	88
5616	93
5617	87
5618	69
5619	80
5620	101
5621	89
5622	96
5623	86
5624	76
5625	73
5626	93
5627	85
5628	79
5629	84
5630	80
5631	94
5632	83
5633	93
5634	73
5635	65
5636	86
5637	75
5638	73
5639	79
5640	73
5641	69
5642	75
5643	60
5644	83
5645	77
5646	79
5647	76
5648	75
5649	79
5650	79
5651	89
5652	80
5653	79
5654	76
5655	84
5656	77
5657	82
5658	76
5659	84
5660	76
5661	54
5662	69
5663	82
5664	80
5665	66
5666	81
5667	71
5668	86
5669	76
5670	73
5671	91
5672	57
5673	65
5674	63
5675	76
5676	59
5677	73
5678	65
5679	60
5680	76
5681	78
5682	66
5683	63
5684	71
5685	70
5686	81
5687	66
5688	62
5689	65
5690	64
5691	67
5692	74
5693	57
5694	65
5695	73
5696	55
5697	65
5698	64
5699	70
5700	69
5701	73
5702	74
5703	55
5704	59
5705	82
5706	55
5707	75
5708	70
5709	70
5710	64
5711	72
5712	64
5713	69
5714	74
5715	70
5716	58
5717	66
5718	82
5719	67
5720	69
5721	62
5722	64
5723	80
5724	77
5725	62
5726	70
5727	72
5728	49
5729	65
5730	71
5731	57
5732	60
5733	66
5734	77
5735	70
5736	55
5737	50
5738	46
5739	45
5740	58
5741	63
5742	63
5743	65
5744	59
5745	54
5746	59
5747	68
5748	68
5749	47
5750	54
5751	64
5752	62
5753	47
5754	44
5755	56
5756	67
5757	60
5758	66
5759	57
5760	53
5761	57
5762	49
5763	51
5764	47
5765	61
5766	62
5767	68
5768	60
5769	54
5770	52
5771	65
5772	59
5773	52
5774	61
5775	58
5776	55
5777	49
5778	65
5779	56
5780	40
5781	61
5782	64
5783	49
5784	54
5785	38
5786	36
5787	57
5788	62
5789	57
5790	54
5791	47
5792	65
5793	52
5794	65
5795	49
5796	60
5797	61
5798	51
5799	55
5800	51
5801	65
5802	39
5803	58
5804	53
5805	52
5806	44
5807	56
5808	41
5809	50
5810	48
5811	55
5812	48
5813	51
5814	47
5815	42
5816	54
5817	46
5818	43
5819	47
5820	67
5821	44
5822	46
5823	51
5824	50
5825	50
5826	50
5827	56
5828	39
5829	41
5830	50
5831	47
5832	55
5833	48
5834	53
5835	50
5836	43
5837	41
5838	41
5839	55
5840	45
5841	52
5842	45
5843	53
5844	41
5845	51
5846	41
5847	60
5848	36
5849	52
5850	41
5851	55
5852	49
5853	56
5854	43
5855	47
5856	49
5857	30
5858	40
5859	36
5860	42
5861	53
5862	40
5863	44
5864	31
5865	39
5866	45
5867	52
5868	47
5869	37
5870	36
5871	50
5872	47
5873	36
5874	47
5875	35
5876	42
5877	37
5878	56
5879	42
5880	45
5881	46
5882	36
5883	36
5884	38
5885	42
5886	39
5887	50
5888	39
5889	39
5890	41
5891	50
5892	47
5893	42
5894	43
5895	37
5896	36
5897	48
5898	46
5899	46
5900	20
5901	43
5902	43
5903	39
5904	41
5905	47
5906	34
5907	32
5908	39
5909	43
5910	46
5911	43
5912	33
5913	36
5914	34
5915	41
5916	28
5917	41
5918	32
5919	30
5920	31
5921	42
5922	41
5923	44
5924	43
5925	34
5926	31
5927	41
5928	36
5929	33
5930	37
5931	45
5932	43
5933	42
5934	34
5935	31
5936	44
5937	42
5938	40
5939	38
5940	26
5941	33
5942	34
5943	35
5944	44
5945	49
5946	46
5947	33
5948	38
5949	41
5950	30
5951	33
5952	37
5953	38
5954	29
5955	29
5956	41
5957	33
5958	35
5959	32
5960	24
5961	32
5962	34
5963	27
5964	30
5965	36
5966	21
5967	33
5968	40
5969	30
5970	22
5971	43
5972	45
5973	41
5974	26
5975	40
5976	33
5977	22
5978	31
5979	38
5980	25
5981	25
5982	35
5983	26
5984	31
5985	32
5986	29
5987	36
5988	38
5989	33
5990	35
5991	32
5992	25
5993	29
5994	33
5995	29
5996	37
5997	26
5998	22
5999	31
6000	26
6001	29
6002	31
6003	30
6004	32
6005	36
6006	31
6007	26
6008	23
6009	30
6010	29
6011	29
6012	29
6013	33
6014	26
6015	21
6016	30
6017	38
6018	27
6019	35
6020	27
6021	33
6022	21
6023	27
6024	21
6025	26
6026	33
6027	37
6028	23
6029	24
6030	28
6031	23
6032	33
6033	29
6034	18
6035	23
6036	23
6037	21
6038	17
6039	25
6040	33
6041	30
6042	27
6043	23
6044	21
6045	36
6046	32
6047	34
6048	33
6049	14
6050	28
6051	34
6052	24
6053	22
6054	18
6055	35
6056	29
6057	25
6058	22
6059	31
6060	32
6061	21
6062	28
6063	32
6064	27
6065	28
6066	23
6067	31
6068	24
6069	21
6070	25
6071	27
6072	26
6073	28
6074	26
6075	39
6076	25
6077	24
6078	25
6079	25
6080	18
6081	19
6082	20
6083	25
6084	17
6085	7
6086	32
6087	16
6088	20
6089	24
6090	28
6091	23
6092	25
6093	21
6094	24
6095	25
6096	17
6097	26
6098	23
6099	27
6100	21
6101	31
6102	24
6103	28
6104	20
6105	20
6106	19
6107	20
6108	18
6109	17
6110	19
6111	20
6112	11
6113	22
6114	21
6115	19
6116	21
6117	16
6118	22
6119	19
6120	27
6121	22
6122	26
6123	21
6124	19
6125	21
6126	14
6127	12
6128	13
6129	17
6130	16
6131	26
6132	16
6133	18
6134	14
6135	25
6136	11
6137	23
6138	17
6139	24
6140	22
6141	15
6142	15
6143	22
6144	19
6145	20
6146	22
6147	17
6148	16
6149	19
6150	13
6151	13
6152	23
6153	25
6154	22
6155	23
6156	21
6157	15
6158	20
6159	19
6160	17
6161	19
6162	20
6163	23
6164	11
6165	19
6166	17
6167	16
6168	12
6169	17
6170	15
6171	16
6172	17
6173	15
6174	25
6175	15
6176	18
6177	14
6178	16
6179	15
6180	15
6181	17
6182	14
6183	20
6184	23
6185	12
6186	19
6187	17
6188	14
6189	19
6190	16
6191	23
6192	14
6193	15
6194	20
6195	12
6196	17
6197	18
6198	15
6199	12
6200	17
6201	13
6202	17
6203	22
6204	12
6205	25
6206	6
6207	16
6208	16
6209	17
6210	14
6211	17
6212	16
6213	12
6214	15
6215	13
6216	21
6217	11
6218	18
6219	11
6220	17
6221	17
6222	13
6223	19
6224	17
6225	11
6226	24
6227	10
6228	16
6229	13
6230	13
6231	22
6232	10
6233	15
6234	12
6235	10
6236	15
6237	11
6238	19
6239	17
6240	12
6241	17
6242	12
6243	11
6244	14
6245	16
6246	24
6247	10
6248	16
6249	10
6250	8
6251	12
6252	17
6253	10
6254	17
6255	14
6256	21
6257	15
6258	19
6259	16
6260	13
6261	16
6262	17
6263	14
6264	10
6265	12
6266	11
6267	17
6268	14
6269	14
6270	14
6271	15
6272	15
6273	7
6274	15
6275	11
6276	17
6277	11
6278	16
6279	16
6280	11
6281	11
6282	19
6283	15
6284	15
6285	12
6286	14
6287	11
6288	16
6289	11
6290	11
6291	15
6292	18
6293	13
6294	15
6295	11
6296	12
6297	16
6298	10
6299	14
6300	20
6301	18
6302	8
6303	11
6304	10
6305	17
6306	13
6307	14
6308	16
6309	14
6310	15
6311	12
6312	17
6313	16
6314	9
6315	12
6316	16
6317	21
6318	15
6319	18
6320	9
6321	10
6322	10
6323	12
6324	15
6325	18
6326	9
6327	15
6328	13
6329	15
6330	16
6331	11
6332	14
6333	10
6334	13
6335	13
6336	10
6337	6
6338	11
6339	13
6340	16
6341	12
6342	17
6343	15
6344	12
6345	12
6346	21
6347	11
6348	12
6349	10
6350	11
6351	10
6352	18
6353	11
6354	8
6355	12
6356	10
6357	11
6358	14
6359	11
6360	14
6361	10
6362	18
6363	14
6364	17
6365	20
6366	14
6367	14
6368	13
6369	16
6370	21
6371	13
6372	14
6373	15
6374	15
6375	13
6376	13
6377	14
6378	14
6379	12
6380	15
6381	19
6382	10
6383	15
6384	10
6385	20
6386	18
6387	18
6388	13
6389	14
6390	24
6391	10
6392	21
6393	18
6394	19
6395	17
6396	16
6397	16
6398	14
6399	10
6400	21
6401	15
6402	21
6403	10
6404	22
6405	16
6406	17
6407	9
6408	12
6409	11
6410	11
6411	22
6412	10
6413	12
6414	14
6415	20
6416	13
6417	12
6418	11
6419	13
6420	9
6421	16
6422	14
6423	14
6424	14
6425	13
6426	22
6427	17
6428	21
6429	15
6430	18
6431	17
6432	16
6433	21
6434	25
6435	17
6436	21
6437	25
6438	17
6439	12
6440	21
6441	16
6442	22
6443	14
6444	22
6445	20
6446	25
6447	25
6448	19
6449	15
6450	21
6451	15
6452	21
6453	19
6454	15
6455	15
6456	21
6457	20
6458	24
6459	23
6460	23
6461	26
6462	24
6463	12
6464	21
6465	16
6466	19
6467	19
6468	26
6469	17
6470	23
6471	18
6472	22
6473	24
6474	23
6475	23
6476	23
6477	25
6478	18
6479	19
6480	15
6481	21
6482	20
6483	13
6484	23
6485	21
6486	23
6487	22
6488	24
6489	26
6490	29
6491	15
6492	27
6493	21
6494	21
6495	17
6496	21
6497	15
6498	28
6499	22
6500	28
6501	25
6502	25
6503	21
6504	21
6505	23
6506	32
6507	26
6508	18
6509	35
6510	20
6511	23
6512	20
6513	31
6514	24
6515	20
6516	24
6517	24
6518	22
6519	24
6520	29
6521	27
6522	32
6523	30
6524	25
6525	26
6526	24
6527	25
6528	23
6529	24
6530	35
6531	21
6532	23
6533	25
6534	33
6535	34
6536	34
6537	28
6538	35
6539	32
6540	33
6541	25
6542	28
6543	38
6544	27
6545	33
6546	31
6547	36
6548	23
6549	27
6550	36
6551	26
6552	35
6553	30
6554	34
6555	26
6556	29
6557	32
6558	38
6559	25
6560	25
6561	38
6562	27
6563	25
6564	33
6565	29
6566	26
6567	36
6568	31
6569	28
6570	32
6571	44
6572	31
6573	23
6574	32
6575	25
6576	33
6577	26
6578	31
6579	25
6580	35
6581	35
6582	43
6583	41
6584	38
6585	33
6586	28
6587	40
6588	28
6589	40
6590	41
6591	24
6592	45
6593	31
6594	32
6595	30
6596	37
6597	36
6598	35
6599	34
6600	33
6601	41
6602	41
6603	34
6604	52
6605	38
6606	41
6607	36
6608	28
6609	38
6610	31
6611	40
6612	38
6613	41
6614	30
6615	40
6616	32
6617	41
6618	28
6619	42
6620	47
6621	32
6622	34
6623	46
6624	41
6625	44
6626	38
6627	32
6628	39
6629	43
6630	45
6631	47
6632	43
6633	47
6634	46
6635	43
6636	31
6637	53
6638	52
6639	50
6640	41
6641	37
6642	42
6643	41
6644	48
6645	43
6646	49
6647	58
6648	47
6649	43
6650	54
6651	46
6652	42
6653	53
6654	43
6655	52
6656	51
6657	42
6658	51
6659	60
6660	47
6661	54
6662	48
6663	62
6664	57
6665	58
6666	43
6667	45
6668	40
6669	51
6670	61
6671	64
6672	56
6673	55
6674	52
6675	62
6676	37
6677	51
6678	46
6679	57
6680	46
6681	47
6682	53
6683	61
6684	37
6685	61
6686	52
6687	67
6688	51
6689	54
6690	50
6691	63
6692	45
6693	53
6694	44
6695	51
6696	66
6697	60
6698	67
6699	41
6700	74
6701	57
6702	52
6703	66
6704	58
6705	53
6706	57
6707	46
6708	62
6709	62
6710	56
6711	61
6712	60
6713	62
6714	67
6715	69
6716	44
6717	52
6718	64
6719	64
6720	64
6721	67
6722	50
6723	67
6724	65
6725	62
6726	49
6727	52
6728	74
6729	75
6730	55
6731	52
6732	72
6733	57
6734	71
6735	60
6736	56
6737	84
6738	64
6739	79
6740	68
6741	79
6742	60
6743	60
6744	69
6745	74
6746	62
6747	66
6748	61
6749	82
6750	76
6751	88
6752	82
6753	64
6754	62
6755	66
6756	71
6757	69
6758	70
6759	57
6760	65
6761	69
6762	63
6763	65
6764	75
6765	73
6766	72
6767	75
6768	68
6769	50
6770	80
6771	61
6772	80
6773	83
6774	78
6775	79
6776	73
6777	75
6778	78
6779	60
6780	73
6781	87
6782	79
6783	57
6784	71
6785	68
6786	71
6787	94
6788	81
6789	82
6790	83
6791	73
6792	65
6793	79
6794	93
6795	75
6796	72
6797	62
6798	79
6799	69
6800	86
6801	89
6802	83
6803	87
6804	75
6805	75
6806	72
6807	71
6808	66
6809	80
6810	78
6811	73
6812	74
6813	61
6814	72
6815	77
6816	78
6817	94
6818	76
6819	90
6820	92
6821	78
6822	87
6823	81
6824	75
6825	86
6826	71
6827	78
6828	77
6829	73
6830	92
6831	85
6832	79
6833	78
6834	96
6835	77
6836	66
6837	85
6838	94
6839	74
6840	91
6841	85
6842	77
6843	84
6844	71
6845	95
6846	87
6847	83
6848	80
6849	108
6850	89
6851	93
6852	78
6853	81
6854	89
6855	102
6856	86
6857	77
6858	85
6859	84
6860	101
6861	94
6862	90
6863	108
6864	71
6865	79
6866	80
6867	103
6868	85
6869	85
6870	111
6871	86
6872	81
6873	91
6874	86
6875	82
6876	74
6877	91
6878	73
6879	91
6880	88
6881	103
6882	91
6883	94
6884	96
6885	91
6886	77
6887	77
6888	85
6889	94
6890	92
6891	85
6892	80
6893	95
6894	97
6895	82
6896	90
6897	99
6898	79
6899	89
6900	86
6901	104
6902	92
6903	82
6904	101
6905	85
6906	105
6907	106
6908	79
6909	83
6910	103
6911	95
6912	95
6913	95
6914	109
6915	78
6916	88
6917	77
6918	88
6919	91
6920	104
6921	75
6922	99
6923	99
6924	102
6925	93
6926	93
6927	91
6928	81
6929	102
6930	89
6931	88
6932	85
6933	97
6934	74
6935	108
6936	84
6937	97
6938	87
6939	84
6940	88
6941	78
6942	82
6943	95
6944	78
6945	100
6946	98
6947	78
6948	101
6949	93
6950	78
6951	90
6952	94
6953	83
6954	85
6955	93
6956	79
6957	81
6958	68
6959	84
6960	98
6961	86
6962	106
6963	81
6964	71
6965	98
6966	80
6967	80
6968	86
6969	82
6970	88
6971	81
6972	93
6973	94
6974	89
6975	92
6976	84
6977	94
6978	85
6979	70
6980	104
6981	103
6982	105
6983	90
6984	96
6985	98
6986	84
6987	86
6988	104
6989	81
6990	97
6991	103
6992	97
6993	98
6994	84
6995	81
6996	99
6997	83
6998	82
6999	103
7000	100
7001	84
7002	91
7003	97
7004	82
7005	75
7006	88
7007	94
7008	88
7009	82
7010	77
7011	77
7012	93
7013	99
7014	97
7015	101
7016	89
7017	87
7018	87
7019	98
7020	85
7021	83
7022	97
7023	76
7024	101
7025	77
7026	92
7027	85
7028	79
7029	84
7030	85
7031	84
7032	80
7033	75
7034	87
7035	78
7036	72
7037	100
7038	87
7039	93
7040	93
7041	88
7042	67
7043	79
7044	75
7045	83
7046	87
7047	92
7048	74
7049	98
7050	77
7051	85
7052	95
7053	82
7054	81
7055	93
7056	76
7057	79
7058	84
7059	82
7060	92
7061	93
7062	85
7063	81
7064	76
7065	84
7066	67
7067	81
7068	82
7069	87
7070	79
7071	69
7072	80
7073	84
7074	78
7075	73
7076	66
7077	86
7078	91
7079	95
7080	82
7081	66
7082	82
7083	82
7084	89
7085	73
7086	70
7087	81
7088	64
7089	65
7090	83
7091	77
7092	71
7093	68
7094	75
7095	85
7096	74
7097	88
7098	69
7099	75
7100	78
7101	64
7102	68
7103	85
7104	78
7105	71
7106	63
7107	84
7108	61
7109	72
7110	62
7111	74
7112	64
7113	74
7114	78
7115	72
7116	53
7117	62
7118	56
7119	61
7120	73
7121	75
7122	73
7123	75
7124	90
7125	54
7126	66
7127	71
7128	81
7129	69
7130	79
7131	73
7132	65
7133	61
7134	61
7135	67
7136	61
7137	47
7138	62
7139	71
7140	66
7141	79
7142	60
7143	64
7144	76
7145	53
7146	55
7147	73
7148	66
7149	68
7150	52
7151	50
7152	55
7153	63
7154	57
7155	68
7156	51
7157	69
7158	54
7159	67
7160	75
7161	91
7162	69
7163	69
7164	58
7165	60
7166	55
7167	55
7168	78
7169	65
7170	56
7171	51
7172	54
7173	59
7174	49
7175	60
7176	51
7177	58
7178	44
7179	61
7180	60
7181	56
7182	53
7183	58
7184	55
7185	43
7186	54
7187	76
7188	67
7189	61
7190	62
7191	45
7192	59
7193	44
7194	44
7195	59
7196	44
7197	59
7198	56
7199	55
7200	66
7201	51
7202	45
7203	54
7204	52
7205	47
7206	50
7207	39
7208	42
7209	42
7210	52
7211	46
7212	42
7213	47
7214	41
7215	51
7216	55
7217	67
7218	59
7219	60
7220	46
7221	57
7222	39
7223	49
7224	57
7225	48
7226	42
7227	54
7228	41
7229	47
7230	42
7231	50
7232	40
7233	42
7234	33
7235	50
7236	50
7237	36
7238	38
7239	35
7240	50
7241	45
7242	40
7243	40
7244	41
7245	43
7246	44
7247	42
7248	33
7249	49
7250	30
7251	31
7252	38
7253	37
7254	39
7255	41
7256	47
7257	46
7258	35
7259	33
7260	37
7261	41
7262	41
7263	29
7264	39
7265	46
7266	35
7267	39
7268	51
7269	38
7270	38
7271	45
7272	40
7273	35
7274	39
7275	34
7276	38
7277	37
7278	36
7279	37
7280	45
7281	44
7282	21
7283	37
7284	33
7285	40
7286	39
7287	26
7288	38
7289	32
7290	33
7291	32
7292	41
7293	32
7294	38
7295	36
7296	30
7297	32
7298	30
7299	40
7300	37
7301	36
7302	23
7303	46
7304	22
7305	28
7306	36
7307	36
7308	25
7309	41
7310	25
7311	20
7312	22
7313	34
7314	35
7315	30
7316	24
7317	23
7318	17
7319	38
7320	27
7321	22
7322	39
7323	24
7324	18
7325	40
7326	32
7327	30
7328	24
7329	32
7330	30
7331	28
7332	31
7333	21
7334	31
7335	37
7336	21
7337	31
7338	28
7339	22
7340	23
7341	25
7342	26
7343	25
7344	19
7345	28
7346	32
7347	23
7348	30
7349	19
7350	19
7351	24
7352	23
7353	27
7354	26
7355	17
7356	17
7357	17
7358	16
7359	21
7360	24
7361	25
7362	17
7363	22
7364	17
7365	23
7366	23
7367	18
7368	16
7369	18
7370	21
7371	17
7372	22
7373	28
7374	21
7375	15
7376	27
7377	14
7378	18
7379	26
7380	34
7381	20
7382	20
7383	20
7384	21
7385	17
7386	7
7387	22
7388	25
7389	28
7390	29
7391	28
7392	20
7393	17
7394	21
7395	21
7396	14
7397	17
7398	22
7399	11
7400	20
7401	16
7402	18
7403	19
7404	25
7405	24
7406	16
7407	22
7408	21
7409	17
7410	17
7411	27
7412	20
7413	20
7414	20
7415	8
7416	24
7417	18
7418	13
7419	19
7420	20
7421	12
7422	7
7423	12
7424	22
7425	16
7426	13
7427	22
7428	15
7429	21
7430	11
7431	18
7432	24
7433	21
7434	22
7435	14
7436	20
7437	15
7438	18
7439	16
7440	18
7441	8
7442	8
7443	19
7444	17
7445	19
7446	12
7447	12
7448	17
7449	19
7450	10
7451	17
7452	12
7453	8
7454	13
7455	14
7456	14
7457	16
7458	8
7459	13
7460	20
7461	17
7462	12
7463	14
7464	15
7465	13
7466	21
7467	17
7468	16
7469	16
7470	11
7471	14
7472	11
7473	5
7474	11
7475	13
7476	15
7477	14
7478	9
7479	11
7480	13
7481	18
7482	8
7483	10
7484	10
7485	14
7486	14
7487	7
7488	8
7489	9
7490	10
7491	11
7492	13
7493	14
7494	10
7495	9
7496	13
7497	5
7498	7
7499	9
7500	10
7501	8
7502	11
7503	5
7504	9
7505	8
7506	14
7507	9
7508	12
7509	6
7510	11
7511	11
7512	12
7513	9
7514	14
7515	10
7516	10
7517	8
7518	15
7519	10
7520	5
7521	10
7522	9
7523	8
7524	11
7525	7
7526	8
7527	9
7528	8
7529	6
7530	13
7531	9
7532	9
7533	8
7534	10
7535	6
7536	6
7537	1
7538	0
7539	0
7540	0
7541	0
7542	0
7543	1
7544	3
7545	0
7546	0
7547	0
7548	0
7549	0
7550	1
7551	0
7552	0
7553	1
7554	0
7555	0
7556	0
7557	0
7558	0
7559	0
7560	1
7561	0
7562	0
7563	0
7564	0
7565	0
7566	0
7567	0
7568	0
7569	0
7570	0
7571	0
7572	0
7573	0
7574	0
7575	0
7576	0
7577	0
7578	0
7579	0
7580	0
7581	0
7582	0
7583	0
7584	0
7585	1
7586	0
7587	0
7588	0
7589	0
7590	0
7591	0
7592	0
7593	0
7594	0
7595	0
7596	0
7597	0
7598	0
7599	0
7600	0
7601	1
7602	0
7603	0
7604	0
7605	0
7606	0
7607	0
7608	0
7609	0
7610	0
7611	0
7612	0
7613	0
7614	0
7615	0
7616	0
7617	1
7618	0
7619	0
7620	0
7621	0
7622	0
7623	0
7624	0
7625	0
7626	0
7627	0
7628	0
7629	0
7630	0
7631	0
7632	0
7633	0
7634	0
7635	0
7636	0
7637	0
7638	0
7639	0
7640	0
7641	0
7642	0
7643	0
7644	0
7645	0
7646	0
7647	0
7648	0
7649	0
7650	0
7651	0
7652	0
7653	0
7654	0
7655	0
7656	0
7657	0
7658	0
7659	0
7660	0
7661	0
7662	0
7663	0
7664	0
7665	0
7666	0
7667	0
7668	0
7669	0
7670	0
7671	0
7672	0
7673	0
7674	0
7675	0
7676	0
7677	0
7678	0
7679	0
7680	0
7681	0
7682	0
7683	0
7684	0
7685	0
7686	0
7687	0
7688	0
7689	0
7690	0
7691	0
7692	0
7693	0
7694	0
7695	0
7696	0
7697	0
7698	0
7699	0
7700	0
7701	0
7702	0
7703	0
7704	0
7705	0
7706	0
7707	0
7708	0
7709	0
7710	0
7711	0
7712	0
7713	0
7714	0
7715	0
7716	0
7717	0
7718	0
7719	0
7720	0
7721	0
7722	0
7723	0
7724	0
7725	0
7726	0
7727	0
7728	0
7729	0
7730	0
7731	0
7732	0
7733	0
7734	0
7735	0
7736	0
7737	0
7738	0
7739	0
7740	0
7741	0
7742	0
7743	0
7744	0
7745	0
7746	0
7747	0
7748	0
7749	0
7750	0
7751	0
7752	0
7753	0
7754	0
7755	0
7756	0
7757	0
7758	0
7759	0
7760	0
7761	0
7762	0
7763	0
7764	0
7765	0
7766	0
7767	0
7768	0
7769	0
7770	0
7771	0
7772	0
7773	0
7774	0
7775	0
7776	0
7777	0
7778	0
7779	0
7780	0
7781	0
7782	0
7783	0
7784	0
7785	0
7786	0
7787	0
7788	0
7789	0
7790	0
7791	0
7792	0
7793	0
7794	0
7795	0
7796	0
7797	0
7798	0
7799	0
7800	0
7801	0
7802	0
7803	0
7804	0
7805	0
7806	0
7807	0
7808	0
7809	0
7810	0
7811	0
7812	0
7813	0
7814	0
7815	0
7816	0
7817	0
7818	0
7819	0
7820	0
7821	0
7822	0
7823	0
7824	0
7825	0
7826	0
7827	0
7828	0
7829	0
7830	0
7831	0
7832	0
7833	0
7834	0
7835	0
7836	0
7837	0
7838	0
7839	0
7840	0
7841	0
7842	0
7843	0
7844	0
7845	0
7846	0
7847	0
7848	0
7849	0
7850	0
7851	0
7852	0
7853	0
7854	0
7855	0
7856	0
7857	0
7858	0
7859	0
7860	0
7861	0
7862	0
7863	0
7864	0
7865	0
7866	0
7867	0
7868	0
7869	0
7870	0
7871	0
7872	0
7873	0
7874	0
7875	0
7876	0
7877	0
7878	0
7879	0
7880	0
7881	0
7882	0
7883	0
7884	0
7885	0
7886	0
7887	0
7888	0
7889	0
7890	0
7891	0
7892	0
7893	0
7894	0
7895	0
7896	0
7897	0
7898	0
7899	0
7900	0
7901	0
7902	0
7903	0
7904	0
7905	0
7906	0
7907	0
7908	0
7909	0
7910	0
7911	0
7912	0
7913	0
7914	0
7915	0
7916	0
7917	0
7918	0
7919	0
7920	0
7921	0
7922	0
7923	0
7924	0
7925	0
7926	0
7927	0
7928	0
7929	0
7930	0
7931	0
7932	0
7933	0
7934	0
7935	0
7936	0
7937	0
7938	0
7939	0
7940	0
7941	0
7942	0
7943	0
7944	0
7945	0
7946	0
7947	0
7948	0
7949	0
7950	0
7951	0
7952	0
7953	0
7954	0
7955	0
7956	0
7957	0
7958	0
7959	0
7960	0
7961	0
7962	0
7963	0
7964	0
7965	0
7966	0
7967	0
7968	0
7969	0
7970	0
7971	0
7972	0
7973	0
7974	0
7975	0
7976	0
7977	0
7978	0
7979	0
7980	0
7981	0
7982	0
7983	0
7984	0
7985	0
7986	0
7987	0
7988	0
7989	0
7990	0
7991	0
7992	0
7993	0
7994	0
7995	0
7996	0
7997	0
7998	0
7999	0
8000	0
8001	0
8002	0
8003	0
8004	0
8005	0
8006	0
8007	0
8008	0
8009	0
8010	0
8011	0
8012	0
8013	0
8014	0
8015	0
8016	0
8017	0
8018	0
8019	0
8020	0
8021	0
8022	0
8023	0
8024	0
8025	0
8026	0
8027	0
8028	0
8029	0
8030	0
8031	0
8032	0
8033	0
8034	0
8035	0
8036	0
8037	0
8038	0
8039	0
8040	0
8041	0
8042	0
8043	0
8044	0
8045	0
8046	0
8047	0
8048	0
8049	0
8050	0
8051	0
8052	0
8053	0
8054	0
8055	0
8056	0
8057	0
8058	0
8059	0
8060	0
8061	0
8062	0
8063	0
8064	0
8065	0
8066	0
8067	0
8068	0
8069	0
8070	0
8071	0
8072	0
8073	0
8074	0
8075	0
8076	0
8077	0
8078	0
8079	0
8080	0
8081	0
8082	0
8083	0
8084	0
8085	0
8086	0
8087	0
8088	0
8089	0
8090	0
8091	0
8092	0
8093	0
8094	0
8095	0
8096	0
8097	0
8098	0
8099	0
8100	0
8101	0
8102	0
8103	0
8104	0
8105	0
8106	0
8107	0
8108	0
8109	0
8110	0
8111	0
8112	0
8113	0
8114	0
8115	0
8116	0
8117	0
8118	0
8119	0
8120	0
8121	0
8122	0
8123	0
8124	0
8125	0
8126	0
8127	0
8128	0
8129	0
8130	0
8131	0
8132	0
8133	0
8134	0
8135	0
8136	0
8137	0
8138	0
8139	0
8140	0
8141	0
8142	0
8143	0
8144	0
8145	0
8146	0
8147	0
8148	0
8149	0
8150	0
8151	0
8152	0
8153	0
8154	0
8155	0
8156	0
8157	0
8158	0
8159	0
8160	0
8161	0
8162	0
8163	0
8164	0
8165	0
8166	0
8167	0
8168	0
8169	0
8170	0
8171	0
8172	0
8173	0
8174	0
8175	0
8176	0
8177	0
8178	0
8179	0
8180	0
8181	0
8182	0
8183	0
8184	0
8185	0
8186	0
8187	0
8188	0
8189	0
8190	0
8191	0
